# ra            dec           z          
  231.5231628   9.2041616     0.0063309  
  241.4412384   41.344738     0.0066421  
  134.7776794   53.7582207    0.0076004  
  216.9026947   41.2576637    0.0089175  
  236.7453613   17.8841839    0.0109769  
  174.4519653   22.6912823    0.0118462  
  134.241684    52.0660019    0.0125876  
  133.6695709   20.5836105    0.0126285  
  138.2592316   49.6395302    0.0132934  
  213.1713867   30.8550358    0.0144554  
  150.9169769   47.706131     0.0147384  
  241.3993683   16.5262089    0.015539   
  226.6740417   23.641922     0.0162159  
  148.123642    2.1544528     0.016646   
  122.2617416   50.1787682    0.0167758  
  216.0965576   13.7984409    0.0168185  
  211.149826    15.4727764    0.0170822  
  137.8668976   64.4754105    0.0176495  
  213.1684875   1.7542529     0.0176715  
  209.3287354   15.4584198    0.0182994  
  171.926712    55.9212494    0.018776   
  212.1374054   11.8162241    0.0190411  
  211.0955963   11.7357969    0.0200132  
  223.7484131   18.0373344    0.0202346  
  123.2653427   24.5670013    0.0204859  
  203.740509    38.4575043    0.0205438  
  136.7074585   26.2754593    0.0206082  
  199.0612183   41.4944572    0.0207451  
  128.1681366   19.5114021    0.0211047  
  231.2683411   4.8298259     0.0215107  
  184.8977356   -2.8306074    0.021523   
  194.5416412   24.3489265    0.0226108  
  199.9027863   -2.9120545    0.0227259  
  192.9834747   -2.0775623    0.0228804  
  216.8985138   2.954484      0.0236732  
  236.6395416   41.9175835    0.0240407  
  230.400238    14.3844337    0.0247179  
  212.0354462   -1.7022933    0.0249541  
  213.2787018   3.7163382     0.0255418  
  143.3183136   23.1348934    0.0255909  
  143.6897278   13.8160143    0.0256702  
  203.6246643   38.2941399    0.0257495  
  197.2960815   52.0209885    0.0257783  
  185.1968231   17.0160313    0.0258527  
  210.0186462   58.370388     0.0262886  
  151.2845001   44.513958     0.0263223  
  162.9737701   10.0992823    0.0263935  
  217.8249054   7.9446359     0.0268959  
  210.4421387   18.8077087    0.0275874  
  320.8764038   -7.7459698    0.027672   
  238.7680969   45.4856529    0.0278644  
  254.2217865   41.6165504    0.0281449  
  233.2897034   -1.8660181    0.0282097  
  195.7882538   54.616642     0.0283369  
  164.0488739   46.8806763    0.0285898  
  120.6201859   20.5139809    0.0286278  
  170.2923126   5.3634934     0.0288433  
  179.9523315   29.6406918    0.0289991  
  222.4198151   35.6903038    0.0290129  
  129.2771454   41.4563217    0.0291456  
  141.2478333   65.4662247    0.0293511  
  222.1114655   34.9980583    0.0294202  
  219.306778    19.4219341    0.029869   
  138.9302063   15.2197037    0.0299744  
  129.4722595   12.7805347    0.029978   
  323.7516174   -0.5114489    0.030156   
  219.5949554   18.1112175    0.0303186  
  123.4486465   37.0503731    0.0306034  
  127.0458069   10.5406694    0.0307334  
  187.3819122   33.4266281    0.0309586  
  122.2718277   55.4424934    0.031291   
  197.9531097   10.6021833    0.0314752  
  222.7777863   37.4948006    0.031601   
  248.4567413   39.2631989    0.0317611  
  165.7187805   4.000124      0.0318094  
  236.624939    32.1172791    0.031941   
  179.3612823   7.4609251     0.0320859  
  227.0344086   26.9160004    0.0326291  
  247.3773651   13.0834332    0.0327352  
  155.2425232   6.6418066     0.0327782  
  162.1171722   38.2940521    0.033217   
  166.2884216   -0.7970066    0.0334938  
  204.5414429   60.273056     0.0335573  
  223.5926361   27.7013245    0.0336489  
  164.4028931   44.0713654    0.0336741  
  238.5135956   17.2108116    0.0341729  
  147.1041412   22.3625145    0.0342063  
  208.9549866   35.1506348    0.0345414  
  208.4190369   56.1345634    0.0354013  
  197.2969208   46.316227     0.0354258  
  226.4453125   -0.7149153    0.0354579  
  225.273468    0.5304738     0.0355229  
  150.7656097   12.9499569    0.0356538  
  259.778717    65.7323456    0.0356667  
  119.0026093   14.1957502    0.0356731  
  208.6770325   65.2443848    0.0357842  
  310.0940552   -6.3589268    0.0359109  
  201.4399109   46.1616287    0.0363953  
  214.3864136   8.8555679     0.0365604  
  221.9546814   47.8095818    0.0367806  
  199.7033386   12.3972015    0.0367866  
  220.8093262   16.4883156    0.0369439  
  180.2303467   23.8158703    0.0370766  
  180.1316986   38.6111107    0.0372532  
  222.8886719   45.4384575    0.0374278  
  244.4401398   6.0648723     0.0378767  
  155.2516785   27.237812     0.0382582  
  227.6499176   54.3874474    0.0383522  
  206.0349731   45.3413239    0.0384832  
  241.5836945   39.2441063    0.0386913  
  135.0299835   60.0828743    0.0390083  
  220.8559113   58.8877487    0.0390688  
  145.618042    62.4495468    0.0395547  
  245.7623901   26.5382309    0.0396928  
  231.9775848   54.2698669    0.0399267  
  124.1869202   27.5918808    0.0399893  
  211.807251    45.8900261    0.040191   
  181.2129974   63.1315498    0.0403837  
  149.8283539   52.2571449    0.0404894  
  191.6389618   43.7427521    0.0405282  
  120.0046768   28.7417545    0.0407727  
  120.0975266   54.964016     0.040926   
  197.6862946   0.032089      0.0410011  
  132.8991852   39.5897522    0.0410222  
  238.2473145   8.0164738     0.0410322  
  129.1250763   38.1434097    0.0410962  
  4.9236779     0.3756775     0.0412699  
  240.8691101   0.0363121     0.0414214  
  170.6893921   7.5204167     0.0415198  
  346.9539185   0.940523      0.0418516  
  157.9611511   20.9255962    0.0419639  
  10.6535854    -10.8227892   0.0419947  
  162.6966705   6.0985217     0.0420034  
  139.151123    25.30266      0.042782   
  113.6337128   41.2152481    0.0427959  
  202.364624    55.7212334    0.042817   
  217.9678192   54.7219925    0.0428642  
  181.5334167   37.3259468    0.0437276  
  156.4285889   45.3478584    0.043826   
  110.904213    41.6955299    0.0438587  
  157.4359741   40.4938469    0.0439127  
  206.8139801   62.4696617    0.0439556  
  202.9037018   61.6283569    0.0440933  
  126.5225372   13.0093346    0.0443355  
  133.4642944   29.9511223    0.0444355  
  226.8504333   34.0761147    0.0444848  
  182.6186218   27.5172501    0.044559   
  233.449173    10.7799006    0.0445989  
  333.0724182   0.2681965     0.0447578  
  125.9123383   55.962986     0.0449966  
  185.1700287   19.1067734    0.0450114  
  173.7958984   20.5847187    0.0452069  
  172.8283539   42.8129234    0.045243   
  193.5619965   9.441514      0.0452982  
  167.4572296   32.4464798    0.0453241  
  190.1459351   2.4681432     0.0457473  
  117.5051651   19.5798969    0.045759   
  225.5067596   9.4078732     0.0458568  
  215.1904144   58.6990051    0.0461097  
  246.7829285   9.0959291     0.0461541  
  211.2034607   4.9810562     0.0464889  
  190.3091583   12.9889574    0.0465255  
  165.8740692   16.3701077    0.0466204  
  201.1429138   43.7520752    0.0467123  
  193.6280518   -3.3225076    0.0469743  
  244.5777893   34.1111565    0.047254   
  235.6522675   21.1292381    0.0473148  
  227.5071259   10.8054581    0.0473333  
  197.6510315   39.7839775    0.0474178  
  218.9558411   62.4211693    0.0475306  
  150.5180054   50.9104462    0.0476499  
  140.145462    30.1767349    0.04775    
  176.1377106   61.5336227    0.047992   
  16.5997257    -0.1449027    0.0479944  
  217.670929    16.0535412    0.0483381  
  140.1546478   26.5383663    0.0485726  
  161.6018677   18.5310154    0.0486672  
  187.7410583   10.8034735    0.0488277  
  244.7938995   14.0742102    0.0489924  
  184.5892029   59.7315598    0.0492896  
  230.579361    21.0734749    0.0496024  
  184.5414124   62.8020439    0.0496848  
  130.4145203   3.4559503     0.049882   
  143.2774658   33.1382294    0.0500879  
  145.8141632   35.1605225    0.0501746  
  145.4562836   25.0635872    0.0505876  
  316.5585327   0.0977852     0.0505929  
  213.488678    31.5653572    0.0508233  
  141.7483826   20.8835106    0.0509913  
  237.8313141   6.7046175     0.0514347  
  208.9487457   14.4224977    0.0516954  
  136.0661163   46.5580482    0.0517153  
  149.1465759   10.0946522    0.0517963  
  166.7111511   14.4565115    0.0518638  
  134.1436615   16.8094902    0.0519944  
  181.5690155   61.1540642    0.0520291  
  147.3583832   26.6381321    0.0521594  
  194.694809    32.1921082    0.052219   
  157.9731598   62.4011726    0.0522212  
  142.2527924   12.5036907    0.0522323  
  125.687027    6.1887665     0.0528037  
  132.0299683   46.5798759    0.0528461  
  247.3612823   29.5411205    0.0530449  
  191.3255157   42.4104309    0.0533241  
  213.1517334   -1.0364107    0.0538303  
  25.8822536    13.5137577    0.0538756  
  176.440567    47.1747131    0.0539763  
  202.4455566   6.4652071     0.0539878  
  194.7275391   9.3009205     0.0540042  
  135.1980743   29.9902821    0.0540693  
  169.7485199   61.594017     0.0543445  
  131.4277649   19.7257061    0.0546534  
  157.0665894   38.9347343    0.0549213  
  163.712204    18.9611206    0.0552166  
  162.2811584   4.9406929     0.0552548  
  250.8060455   25.3395462    0.0552586  
  181.1708221   59.4009933    0.0552801  
  225.2289581   8.5822439     0.0555539  
  205.259552    13.1630039    0.0556448  
  158.7076263   17.4512196    0.0557156  
  220.7382507   17.6366978    0.0560188  
  138.3565979   17.1241112    0.0560217  
  148.9782257   27.4567356    0.0560283  
  225.4339294   27.281065     0.0562434  
  11.9932327    13.7803402    0.0563245  
  188.094986    16.3097057    0.0566879  
  200.9196167   1.3618224     0.0567743  
  161.6620789   11.7652235    0.0574811  
  200.9095612   31.1266327    0.0584694  
  143.9894867   54.993454     0.0585204  
  248.1408539   26.380724     0.0586143  
  178.7575531   49.8996201    0.0591243  
  166.8654785   53.9880371    0.0604697  
  201.9957886   45.7594376    0.0605284  
  323.2228699   -7.1967368    0.060536   
  31.6827221    13.3716307    0.0605542  
  193.2171631   46.7581787    0.0606159  
  229.6298065   32.392849     0.0612589  
  179.0665436   52.5134811    0.0612609  
  155.1296844   3.22769       0.0616329  
  148.0188141   6.2093182     0.0618902  
  171.3154297   -2.0761211    0.0628677  
  122.3842697   39.887928     0.0636345  
  239.0966797   26.1579037    0.0637988  
  249.6434021   31.8729744    0.0642432  
  154.2172546   39.5564728    0.0642514  
  239.4796143   2.3435023     0.0643503  
  206.2477875   60.4221268    0.0648366  
  1.0067307     -10.8302212   0.064945   
  230.7778778   37.6697731    0.0649576  
  157.7111206   54.2808723    0.0649751  
  119.7494659   12.5322456    0.0651076  
  154.0485535   22.2598114    0.0651583  
  166.7111359   47.8525314    0.0652242  
  351.8105164   -10.3882151   0.0652957  
  149.9147339   0.586703      0.0655052  
  165.9297791   29.2423191    0.06567    
  224.0245056   34.4818306    0.0656838  
  128.2122955   30.8792458    0.0657932  
  126.5688858   17.3624382    0.0658638  
  155.957016    20.9847984    0.065872   
  166.5172882   14.0362835    0.0661764  
  202.6547546   14.6491947    0.0666116  
  212.2245941   10.1989679    0.0672304  
  211.273056    11.4754057    0.0674329  
  185.2160034   -2.0857577    0.0675814  
  157.3121033   8.4048681     0.0676294  
  229.5192566   3.4897614     0.0676394  
  168.3417206   61.4469223    0.0676695  
  166.4326477   35.8840141    0.0682662  
  170.3626709   -0.4139835    0.0683954  
  238.346756    26.1053448    0.0694673  
  184.0240936   45.3637924    0.0696637  
  218.6441193   14.0967607    0.0696662  
  169.341095    25.0662231    0.0697315  
  195.7185822   7.6806569     0.0699477  
  174.9311523   42.5045853    0.0700549  
  222.5684052   50.7921333    0.0702128  
  188.3905792   18.361784     0.0703554  
  145.6817932   65.4031448    0.0707322  
  155.2322235   1.2360662     0.0709062  
  128.7871704   17.8724709    0.0715522  
  233.4733124   45.1176872    0.0716863  
  168.1221924   36.3681946    0.0731692  
  215.9211121   47.3718719    0.0731929  
  184.4790192   42.6924171    0.0731992  
  140.7683258   24.0019646    0.0733156  
  47.029438     0.4562192     0.0741421  
  168.2011261   31.8133297    0.0751158  
  208.9151764   20.7435074    0.0754046  
  134.2067566   35.9165459    0.0756972  
  194.6287079   24.9743042    0.0760505  
  188.5335999   45.5956345    0.0760957  
  135.307663    6.0224829     0.076363   
  183.6329651   4.4350748     0.0765375  
  130.6422577   11.6992893    0.0774186  
  225.0335388   11.0220165    0.0776881  
  231.1071167   29.2017422    0.0781097  
  208.0322113   5.432178      0.0789228  
  185.0471344   27.6800499    0.0797644  
