# ra            dec          z          
  135.1005402   25.614748    0.0060984  
  175.0771027   9.0098839    0.0061147  
  238.551178    14.6071835   0.0061956  
  169.5352325   54.8412971   0.0063241  
  182.4470978   58.8492661   0.0063327  
  178.1140594   34.8944626   0.0073511  
  221.8376007   48.90131     0.0074466  
  122.7858505   46.4666786   0.0075384  
  212.6019745   16.112524    0.0076841  
  190.5716095   42.5211334   0.0079663  
  197.1563416   54.0744286   0.0082121  
  186.4016418   50.3370514   0.0082558  
  186.299942    54.506237    0.0084072  
  224.8947144   32.8413734   0.008696   
  164.6565247   9.0504522    0.0087524  
  167.7369232   53.3878212   0.0094987  
  195.7746429   3.9918907    0.0095474  
  197.8475494   3.4110396    0.0101227  
  217.6062775   35.3210297   0.0104899  
  216.1270905   57.1377525   0.0105685  
  170.5276184   57.9126663   0.010589   
  177.5518494   45.4786339   0.0106052  
  219.6468811   52.7065125   0.0111495  
  262.0058899   57.5218925   0.0111618  
  166.9861908   8.0013504    0.0111912  
  128.4860687   26.972662    0.0117496  
  142.1564331   38.5392418   0.0121416  
  219.7084045   30.4425259   0.0124192  
  197.6144562   18.4381657   0.0124487  
  169.1616058   15.727354    0.0126197  
  138.3057404   3.2305007    0.0126475  
  20.3388481    0.0903822    0.0126589  
  126.3764648   37.5002785   0.0127692  
  216.550827    48.5640144   0.0129176  
  246.5706329   16.3201199   0.012947   
  242.8091888   51.1925011   0.012983   
  188.9659729   38.376133    0.0130066  
  10.391221     -10.02143    0.0131189  
  131.6688538   2.4080215    0.0132459  
  179.3802948   21.2256699   0.0135548  
  185.995224    48.7795486   0.0137453  
  139.1833801   59.7747231   0.0137742  
  171.1680298   14.9465075   0.0138639  
  139.6476746   44.5969009   0.014213   
  192.3966217   25.4642887   0.0142222  
  154.6554718   3.2636042    0.0144381  
  208.0173645   -2.2066169   0.014504   
  142.4102631   35.3403587   0.0145209  
  235.3536682   11.9849739   0.0145334  
  348.6380615   0.2359857    0.0146505  
  144.7831726   34.0063171   0.0147195  
  158.930481    29.591938    0.0147371  
  259.7226868   30.1933937   0.0148327  
  206.6147919   50.6440735   0.0148633  
  137.3486481   22.5139294   0.0148948  
  209.230896    14.1422424   0.0150228  
  188.849884    29.4920845   0.0152429  
  220.4289703   5.9527483    0.0152779  
  239.5332489   12.0702868   0.015607   
  143.2161407   12.2870331   0.0156412  
  198.6918793   53.8204193   0.0157173  
  219.1613312   41.0791168   0.0158138  
  228.0093842   21.2981663   0.015879   
  195.797699    48.7853203   0.0160718  
  145.2422028   47.6204338   0.0160934  
  255.3675995   63.6912003   0.0161949  
  182.8894501   57.7375488   0.0162514  
  141.1571655   49.357151    0.0162639  
  209.1439972   10.1911955   0.0162862  
  145.7856445   21.1823616   0.0164097  
  178.1583862   24.3075809   0.0164547  
  133.6454315   57.1667938   0.0168655  
  198.9462891   31.8464222   0.0169758  
  201.5450897   40.0669594   0.0171568  
  209.1573792   36.2460938   0.0171889  
  165.6387177   -0.2910177   0.0172413  
  241.2075958   8.4810905    0.0173978  
  123.3263474   34.9324989   0.0174431  
  127.2192764   58.2040024   0.0177094  
  170.3986816   18.4585762   0.0178703  
  189.0004425   54.2210236   0.0178725  
  162.0584869   13.2170162   0.0182776  
  186.4172668   20.5284653   0.0182894  
  163.0282745   -0.5607994   0.0184664  
  210.868927    32.6977119   0.0189684  
  226.0125732   52.929409    0.0191074  
  227.740036    52.4585342   0.0192321  
  171.1879272   22.8719082   0.0192906  
  188.6695557   44.3955612   0.0193249  
  144.8693085   33.8489647   0.0193798  
  119.8216476   24.4520512   0.019451   
  233.9687653   14.5177279   0.0194578  
  129.5440063   18.6917915   0.019544   
  245.1005554   46.2833481   0.019565   
  182.744812    43.2493973   0.0196826  
  178.4165344   43.4609413   0.0196903  
  143.0683289   12.093874    0.0197487  
  118.6036682   39.371521    0.0198504  
  146.2378998   16.707449    0.019871   
  322.6078491   -0.4742926   0.019894   
  146.0432892   2.4103131    0.0199409  
  257.1738892   61.1080627   0.0200244  
  233.1611938   10.4531212   0.0200459  
  153.3033142   14.8809252   0.0201003  
  124.1046753   43.9718437   0.020107   
  215.1791534   13.696104    0.020284   
  212.9727173   38.1938438   0.020447   
  262.4972229   60.3503342   0.0204825  
  153.1580505   22.2918396   0.0205683  
  168.471817    4.8017335    0.0206212  
  173.080719    55.9228516   0.0207176  
  167.7643433   19.1915932   0.0208081  
  148.9795074   -0.1902836   0.0209469  
  177.0139771   30.3593273   0.0209802  
  152.0196228   22.2241077   0.0210299  
  174.9373016   37.0001335   0.0210624  
  228.5921326   22.908493    0.0211038  
  222.2749023   22.1981659   0.0211582  
  48.4492722    0.6943642    0.021201   
  173.0803986   34.952774    0.0213096  
  122.7789459   36.5986977   0.0214923  
  245.6009979   47.7317085   0.0214979  
  227.5223541   9.7230005    0.0215248  
  121.2674789   29.7227077   0.021527   
  206.7060547   14.4004955   0.0215588  
  153.6401215   29.3185539   0.0216573  
  223.7493591   62.2759972   0.0217091  
  227.2290649   10.803462    0.0218073  
  194.8365631   14.7880363   0.0218459  
  2.7637153     -9.6511755   0.0218976  
  38.7018356    -7.6835923   0.0219858  
  164.5677338   4.5835848    0.0220177  
  234.5884247   33.184742    0.0220452  
  178.8293304   67.4025955   0.0221454  
  177.26828     27.3342266   0.0222581  
  194.3227539   59.0674248   0.0222654  
  119.6921616   50.459816    0.02236    
  146.4390869   33.8702393   0.0224315  
  162.0476837   33.1923409   0.0225224  
  196.5064545   -0.9977741   0.0226538  
  229.5484314   14.5993681   0.0226962  
  140.9830017   30.6914616   0.0226993  
  190.6982727   33.2877159   0.0227293  
  195.2270813   -1.3466449   0.0227401  
  186.7478027   22.639576    0.0227601  
  155.6017151   3.9973507    0.022865   
  44.1130409    0.8757407    0.0228868  
  190.2234802   1.0083548    0.0229075  
  231.271759    19.834816    0.0229227  
  156.7158203   41.8886185   0.0229517  
  156.0362244   13.5729303   0.0229649  
  197.9031067   31.5080624   0.0231117  
  201.5698395   58.6833687   0.0231402  
  189.7761078   -2.5082047   0.0232452  
  191.1091309   37.1212082   0.0232525  
  194.2620392   31.625536    0.0232967  
  150.9989929   14.4240246   0.0233105  
  210.659668    18.5231133   0.023522   
  207.6490936   28.1495914   0.0235449  
  139.2060699   27.4895916   0.0235917  
  195.8171692   50.6208305   0.0236187  
  203.3106079   17.1240368   0.0236615  
  196.5874023   53.3065224   0.0236678  
  186.4558716   50.0959778   0.0237106  
  199.7629242   39.5893288   0.0237311  
  198.1708374   53.7148094   0.0239484  
  201.7995758   55.4872513   0.024011   
  161.159317    56.3697166   0.0240542  
  202.603714    39.9971962   0.0241075  
  195.661438    45.4436989   0.0241322  
  235.9953918   19.2115269   0.0241533  
  241.1865387   49.4583855   0.0241639  
  206.6339111   64.390358    0.024178   
  155.3864441   22.5463657   0.0242147  
  194.2360382   38.6395073   0.0242792  
  173.9024353   43.4768906   0.0243044  
  173.2189941   43.5149689   0.0243345  
  187.9892731   -2.8663986   0.024349   
  115.1776657   23.6262283   0.024494   
  205.7661591   16.7054672   0.0245071  
  147.7342682   62.1858025   0.0245573  
  155.6710052   20.8591461   0.0245932  
  157.9376678   46.6716919   0.0247623  
  195.7268066   23.6571846   0.0247763  
  249.284256    17.3417988   0.0248626  
  237.7557068   23.0157661   0.0248879  
  171.5739746   46.9741249   0.02489    
  146.9934235   54.0147934   0.0248981  
  229.500351    13.5265198   0.0249318  
  154.6608887   48.3959618   0.0249529  
  201.9480438   25.4495831   0.0249925  
  134.976944    20.5999317   0.0250232  
  243.9038086   28.1585979   0.025046   
  154.0849304   54.4798164   0.0250912  
  248.2953644   -0.2132673   0.0251724  
  197.7104797   49.8928185   0.025183   
  201.9465332   51.1376266   0.0252911  
  190.7049561   10.3574638   0.0253142  
  244.9052582   12.4052725   0.0253365  
  251.8394623   44.702755    0.0254041  
  184.6191101   17.2663021   0.0254702  
  124.0033188   27.0758877   0.0254964  
  166.6062164   37.7390633   0.0255121  
  55.5539627    -0.3542439   0.0255554  
  216.7292786   48.0999069   0.0255561  
  355.4906311   15.2353773   0.0256091  
  162.1841888   26.053648    0.0256851  
  14.4433603    -9.2189255   0.0256959  
  130.4710999   32.868145    0.0257004  
  162.9664001   22.238945    0.0258542  
  167.1458282   51.9248085   0.0258805  
  164.5249481   0.4121512    0.0259476  
  154.8260651   43.3490715   0.025969   
  189.8993988   16.5878181   0.0259894  
  170.271637    25.5739403   0.0260186  
  235.5502625   6.6448259    0.0261069  
  223.7827606   51.0203018   0.0261796  
  158.8298035   47.6400337   0.0262544  
  235.1552887   20.5623207   0.026336   
  141.1807861   48.2868576   0.026408   
  150.7219696   16.4491215   0.0264351  
  148.8416901   44.4405403   0.0264594  
  325.9637756   -0.3214169   0.0267432  
  135.030426    29.6327629   0.0267619  
  310.2170105   0.6527387    0.0267675  
  129.5696411   31.8173561   0.0267876  
  127.6320038   18.2061005   0.0268904  
  143.4712219   30.4040203   0.0268956  
  162.9496613   10.8662119   0.0269176  
  195.0749359   34.9440308   0.0269376  
  235.139389    17.1279621   0.026963   
  191.6119232   50.7921295   0.027      
  10.1210728    -10.3054991  0.0270175  
  219.7428741   47.3079109   0.0270297  
  218.2094574   1.5424762    0.0270678  
  205.5473785   29.8956413   0.0272393  
  196.7644653   13.6370106   0.0272489  
  196.7624664   13.0748205   0.0272791  
  260.789978    63.9079399   0.0272804  
  176.3448334   18.6561813   0.0272808  
  195.5267029   59.721241    0.0272931  
  126.4746323   39.1860123   0.0273368  
  202.751709    42.8368073   0.027411   
  195.64888     41.3233681   0.0275161  
  133.4701691   21.9775772   0.0275572  
  139.2203064   43.7137642   0.0276651  
  217.3476257   45.0720367   0.0277834  
  314.6072388   -5.8128481   0.0278017  
  261.5572815   62.1495399   0.027828   
  166.6806793   31.7412319   0.0279099  
  251.0216675   43.0088272   0.0279323  
  141.0045776   5.2093902    0.0279441  
  150.1979218   44.85112     0.0279939  
  132.8305359   53.936451    0.0280475  
  159.3731232   60.0031395   0.0281504  
  118.5518723   36.6565819   0.0281587  
  125.4320068   16.2115593   0.0282236  
  145.9547729   30.5460739   0.0282244  
  196.0862122   45.056633    0.0282647  
  185.148407    52.2576866   0.0282898  
  201.5284424   21.9394073   0.0282995  
  153.7455902   7.8006854    0.0283043  
  197.3789825   60.102726    0.0283119  
  136.7141418   37.6428833   0.0283175  
  209.4690552   23.0899105   0.0283769  
  126.6215286   22.2611771   0.028463   
  156.9617615   2.6094401    0.0284743  
  149.9246826   39.6573792   0.0284973  
  221.747879    7.892426     0.0285103  
  117.2395172   17.5771103   0.0286624  
  152.9278412   4.8173609    0.0286946  
  207.4967041   35.2538986   0.0287385  
  173.0932922   57.2549019   0.0287494  
  172.3449554   55.31847     0.0287678  
  246.831955    15.9978838   0.0287933  
  142.6204376   16.3620205   0.0288095  
  224.1164703   2.2068839    0.0288568  
  119.036087    17.3806782   0.0288874  
  203.6741943   50.4642792   0.0289086  
  128.0597534   19.6222191   0.0289725  
  48.5822372    0.8093889    0.0290121  
  126.8836594   36.1454163   0.0290758  
  168.4474487   45.5399132   0.0290868  
  121.3077698   46.3316612   0.0290896  
  147.6770935   30.4928341   0.0291268  
  158.7962799   42.7704315   0.0291478  
  254.5279999   39.3196106   0.0291495  
  166.144455    4.5876479    0.0291577  
  202.5457458   59.995472    0.0291733  
  186.7821198   -1.3541857   0.0292381  
  215.1836853   8.9840021    0.0293316  
  149.3155823   33.9763184   0.0293477  
  231.1505127   54.7480202   0.0293749  
  197.5913239   3.5347686    0.0294109  
  156.0073395   44.841774    0.0294337  
  166.1551514   28.2279549   0.0294457  
  164.1101379   60.6922302   0.0295234  
  229.1638184   38.755722    0.0295318  
  229.5890808   58.1121407   0.0295791  
  229.86203     -0.9238933   0.0296168  
  135.796875    10.1519842   0.0296254  
  256.1027222   33.375885    0.0296443  
  131.1251068   11.182682    0.0296702  
  200.7107086   51.7384109   0.0297117  
  141.9599915   58.542923    0.0297805  
  131.6578369   11.4321489   0.02979    
  8.7856293     -0.133687    0.0298495  
  160.7094727   25.771204    0.0298698  
  131.5051575   12.7867355   0.0298801  
  148.5131073   58.4021835   0.0298848  
  205.3447266   56.0711021   0.0300375  
  140.6229095   47.2624817   0.0301891  
  215.3045502   29.9935055   0.0302143  
  155.1395111   14.3127842   0.0302591  
  172.4108734   35.5146523   0.0303371  
  121.4472656   22.9096832   0.0303688  
  145.9477997   0.4653027    0.0303838  
  217.0417786   -1.6768149   0.0304844  
  258.0568848   30.1678352   0.0305292  
  227.5659943   58.1785965   0.0305338  
  258.3880615   33.6623421   0.0305475  
  162.9162445   37.526989    0.0306267  
  257.553009    30.3082085   0.0306981  
  146.2998505   -0.1199961   0.0307035  
  117.4124756   42.9670563   0.0307213  
  163.5520782   37.538578    0.0307227  
  184.7085419   64.35289     0.0307842  
  190.4503021   47.7088966   0.030791   
  173.1892853   40.8425674   0.0308437  
  222.6174774   26.0911751   0.0309131  
  234.8087463   1.1948984    0.0309366  
  204.2202911   60.7960701   0.0310816  
  159.6309052   58.7855415   0.0311644  
  131.7862244   19.6310463   0.0311827  
  20.0113869    14.3618364   0.0311998  
  238.8675537   34.1778488   0.0312206  
  181.3700562   46.7797432   0.0312395  
  257.7120667   61.3250008   0.0313179  
  136.2075958   8.0374918    0.0313353  
  255.291214    20.6733322   0.0313759  
  129.5839539   32.9444275   0.0314158  
  237.7110291   22.2386856   0.0314253  
  203.1010132   11.1062737   0.0314424  
  237.3043976   31.1024246   0.031452   
  199.5389709   0.2228435    0.0314912  
  241.8202057   26.2744179   0.0315611  
  167.4866943   13.458005    0.0315619  
  199.9954071   29.4274387   0.0315791  
  163.0486145   58.4382095   0.0315815  
  203.6860504   1.7050916    0.0316418  
  150.2699585   59.8236923   0.0316631  
  225.2361755   11.5173969   0.0316748  
  235.5911713   2.4674652    0.031783   
  169.3169403   19.9009647   0.0319158  
  164.7415314   58.1337814   0.0319167  
  152.4633636   3.5473545    0.0320104  
  135.8544617   20.6674004   0.0320491  
  231.9834137   4.5967231    0.0320674  
  191.8396149   28.0062199   0.0320766  
  141.2520905   54.0912857   0.0321534  
  185.7046967   66.862648    0.0321924  
  124.4693298   12.897994    0.0322303  
  193.6931915   39.5712585   0.0322385  
  222.234436    22.1419621   0.0322696  
  345.1192932   -10.379343   0.0323521  
  155.8414612   9.9374638    0.0323585  
  164.9572754   49.5679474   0.0324246  
  155.4013824   6.0259342    0.0324296  
  196.4209442   33.1788979   0.0324317  
  242.2770233   24.8704185   0.032472   
  184.1618805   46.8397369   0.0325129  
  154.9473419   34.3240662   0.03252    
  182.977829    58.6371422   0.0325778  
  246.72789     47.4340019   0.0326206  
  154.400177    31.5511093   0.0326292  
  251.1595306   20.7015228   0.0326812  
  254.6252136   25.3902721   0.0326953  
  174.9169312   62.6010666   0.0327673  
  181.5611877   61.9073029   0.032802   
  179.2362366   62.1720161   0.0328547  
  4.2288289     -0.0882221   0.0328875  
  156.8675079   2.9126573    0.0329088  
  147.943924    27.5460987   0.0330407  
  229.9619141   5.1327806    0.033055   
  165.9942474   10.1063528   0.0330721  
  144.3360596   25.8984261   0.0330944  
  150.4679413   44.4774208   0.0331378  
  232.1258087   5.1859136    0.0331459  
  236.071701    2.111855     0.0331485  
  192.9422302   34.9774551   0.0331624  
  244.7830963   40.5067596   0.0331683  
  173.8349304   28.3908844   0.0332058  
  217.4948883   39.9406319   0.0332646  
  259.4521179   58.0553246   0.0332787  
  332.9704895   0.1087146    0.0332929  
  185.9440765   36.1527863   0.0333242  
  188.2874603   27.0943775   0.0333641  
  6.1298776     -0.922875    0.0334289  
  172.3105011   31.9282684   0.0334797  
  162.4875336   9.0665474    0.0334812  
  207.3170013   18.4119873   0.0335162  
  221.3196259   15.8379087   0.0335893  
  213.4414062   34.0378227   0.0336368  
  172.8417816   32.7063293   0.0336388  
  184.1513062   17.4906578   0.0336743  
  185.2935028   25.2217712   0.0336935  
  241.7779999   52.1333237   0.0337262  
  316.0170288   9.9176073    0.0337875  
  209.0905914   4.6016941    0.0338006  
  143.2445526   27.5000782   0.0338059  
  139.88797     5.8827624    0.0338245  
  145.6116333   23.6540852   0.0338327  
  172.7108917   52.2077675   0.033837   
  221.0145569   1.42E-5      0.0338697  
  215.7682953   38.1423187   0.0338767  
  217.7052917   -2.0781336   0.0338796  
  242.1365204   9.6067133    0.0338984  
  160.0647888   65.4920502   0.0339116  
  133.9716187   4.375021     0.0339429  
  172.1009674   33.6274834   0.0339977  
  354.8656006   -9.5059881   0.0340437  
  146.7497406   24.7022743   0.0340834  
  9.1218557     -0.728548    0.0340893  
  201.5805817   26.2444611   0.0340944  
  235.9369659   29.4295158   0.0341119  
  205.7442322   29.3865643   0.0341122  
  223.6216583   2.2877219    0.0341316  
  178.4313202   57.6644058   0.0341432  
  219.7429504   9.395854     0.0342142  
  216.843689    3.5764964    0.0342642  
  139.883255    19.6112747   0.0342781  
  198.5666504   12.0634785   0.0342798  
  241.3829346   28.4161491   0.0342831  
  148.5892639   4.0919714    0.0343046  
  240.7651367   21.6974659   0.0343187  
  210.6677551   65.0102615   0.034534   
  133.2291107   3.1523337    0.0345422  
  153.6279602   35.8421135   0.0345521  
  197.1211243   48.1627312   0.0345533  
  120.7711716   37.4280739   0.034555   
  155.3787537   35.0187912   0.0345577  
  114.0135574   29.0258293   0.034558   
  177.0193176   60.8974571   0.0345695  
  245.7971191   16.9326038   0.0345969  
  177.6765137   10.5213556   0.0346334  
  241.8233795   41.4036179   0.0346392  
  225.4417114   15.1131668   0.0346544  
  245.3466492   32.3490257   0.034659   
  159.5214844   1.7451075    0.0346609  
  182.6531677   34.9565735   0.0346932  
  124.1174164   11.853652    0.0347975  
  167.1284943   31.1738243   0.0348015  
  199.7555542   27.8917007   0.0348371  
  238.071167    4.8503599    0.0348639  
  178.3701935   59.6991653   0.0349032  
  163.9585571   31.3922806   0.0349335  
  124.9136047   28.7790966   0.035039   
  209.6701202   34.5245399   0.0350402  
  250.9523621   24.2423515   0.0350669  
  234.4076996   9.3148632    0.0351072  
  198.5305634   30.0150566   0.0351495  
  205.6977997   55.5214424   0.0351679  
  192.5862274   37.9489403   0.0351681  
  197.5114594   30.043375    0.0351845  
  133.2898254   2.2464125    0.0352377  
  212.1269073   36.495369    0.0352617  
  207.3448944   29.5931606   0.0353022  
  237.0253296   14.371603    0.0353237  
  257.4017334   34.1107521   0.035398   
  132.0966339   4.3876057    0.0354881  
  163.025589    3.3722901    0.0355205  
  232.0751495   15.385046    0.0355459  
  179.2701263   52.8177567   0.0355996  
  115.3020096   42.7494011   0.035771   
  199.2062378   47.4020348   0.0357746  
  324.0437927   10.632225    0.0357777  
  167.1335907   47.3363113   0.0357975  
  200.2717896   42.4488029   0.0358481  
  178.4340057   37.1676178   0.0358498  
  256.8314209   31.4386978   0.0359449  
  135.8572083   50.9172096   0.0359451  
  205.0520782   61.3842964   0.0359896  
  118.5049515   29.420702    0.0360417  
  341.9045105   0.3850017    0.0360864  
  246.1284485   28.2964821   0.0361078  
  205.6203156   41.2284851   0.0361285  
  194.58815     4.8856525    0.0361743  
  186.0243683   27.5778942   0.0361748  
  195.7370453   12.8805857   0.036176   
  255.414032    22.6875706   0.0362633  
  180.408493    6.2125654    0.0362794  
  46.6269417    -6.8618374   0.0363137  
  225.675766    6.1728415    0.036326   
  225.096405    3.8611715    0.0363742  
  116.3295135   38.5798035   0.0363901  
  166.3668976   2.5621252    0.0364025  
  156.5354919   31.4608727   0.0364371  
  309.7006531   -5.8965945   0.0364478  
  174.782135    19.3632889   0.0364767  
  204.5363312   19.3485718   0.0364913  
  130.7593079   19.5954494   0.0365093  
  164.436676    15.307456    0.0365479  
  206.1878052   27.1373863   0.0365479  
  173.8721008   17.2191925   0.0365795  
  243.6989441   19.8838634   0.0365944  
  225.7308655   -2.1863408   0.0366066  
  217.7823639   23.0366478   0.0367076  
  195.0742188   27.387516    0.0367841  
  223.0891418   50.359333    0.0367925  
  168.7368317   33.8256493   0.0369036  
  232.8280487   36.0800476   0.0369332  
  204.6663208   55.4502411   0.0369951  
  173.3896332   14.7454472   0.0370182  
  241.0727081   42.0281601   0.0370234  
  194.2908936   62.3251457   0.0370249  
  243.5053406   20.4403305   0.0370394  
  170.2313995   7.197525     0.0370585  
  245.7499847   21.9366512   0.0370705  
  195.7359161   35.6682816   0.0370806  
  133.7230988   53.6905403   0.0370965  
  4.6778574     15.1951752   0.0371568  
  238.7954712   52.1685638   0.0371798  
  233.3847351   19.4976807   0.0371943  
  200.6024933   23.451273    0.0372104  
  223.6597443   36.8579865   0.0372851  
  229.0514069   17.1679878   0.0372856  
  177.1626434   47.635704    0.0373095  
  171.7195435   64.844162    0.0373194  
  186.444397    29.9543858   0.0373253  
  249.8956909   35.9345932   0.0374167  
  59.5093765    -6.682981    0.0374657  
  9.9515915     -9.1429453   0.0374752  
  234.7037964   49.5684242   0.0376055  
  189.5656586   7.8203835    0.037672   
  234.188385    -0.8255458   0.0376914  
  155.2944183   35.6579437   0.0377064  
  184.0120544   17.9263897   0.0377711  
  128.8226471   55.8289337   0.0378049  
  164.3166656   66.7530975   0.0378207  
  214.3264008   46.6982384   0.0378874  
  213.1579895   12.0201788   0.0379269  
  253.3422852   33.0284271   0.0379965  
  208.7969666   10.0219774   0.0380045  
  153.9526215   21.7479172   0.0380589  
  199.8813934   55.2973862   0.0381175  
  7.6372342     14.943181    0.0381201  
  135.462265    16.6298962   0.0381239  
  187.0662689   42.0140419   0.038163   
  213.368988    17.7563171   0.0382676  
  222.3219604   14.9688349   0.0383105  
  200.6177521   28.1555386   0.0384042  
  125.1816864   18.3978405   0.0384063  
  168.5648346   38.3910255   0.0384095  
  234.7827606   14.0230703   0.038417   
  187.2990875   68.0054703   0.0384528  
  203.2960358   30.4494724   0.0384806  
  257.9920959   33.9570122   0.038484   
  157.6937103   36.9546356   0.0385281  
  192.1761017   13.2748432   0.0385554  
  192.7481079   35.0661469   0.038581   
  130.8477478   22.7902527   0.038581   
  216.4087067   1.6004317    0.0385837  
  170.7347107   34.8669395   0.0386838  
  228.2966614   38.488781    0.0387604  
  126.9737701   55.1587105   0.0388248  
  124.4984436   58.7792091   0.0389042  
  233.7351837   4.9588346    0.0389603  
  141.4029694   15.458744    0.0390084  
  246.1158447   25.1839828   0.0390341  
  155.5172729   20.5822544   0.0391247  
  241.14888     25.7206841   0.0391735  
  224.4435577   59.3425102   0.0391899  
  220.5044098   44.6490211   0.0392936  
  156.3800812   7.4629426    0.0393052  
  158.2544556   37.1314316   0.0393183  
  33.8790665    -9.2176409   0.0393709  
  148.5628815   18.2880726   0.0393887  
  231.4692078   54.3717041   0.0394331  
  140.3148499   10.2947397   0.039478   
  125.2811737   46.8488312   0.0394973  
  189.1343536   6.1696057    0.0395084  
  173.9879913   28.1967564   0.0395106  
  197.6750793   42.2846413   0.0395771  
  121.0797043   33.02668     0.0395781  
  148.3792572   34.4070168   0.0395798  
  165.3192444   3.5629175    0.0395882  
  123.9377441   31.5619488   0.0396372  
  122.5121613   20.0292168   0.0396945  
  235.794281    1.32884      0.0397626  
  203.5703735   9.7537832    0.0397738  
  250.0610352   23.0217571   0.0397851  
  151.4104919   14.8740606   0.0398098  
  172.9943085   -0.0503236   0.0398448  
  35.519516     -7.5622263   0.0399798  
  215.6179199   13.4302359   0.0400485  
  191.9718018   4.8283525    0.0400539  
  177.4856873   66.5180359   0.0401528  
  135.8075409   41.8344803   0.0401662  
  226.167572    0.6045128    0.0401734  
  219.9271393   41.1804924   0.0401786  
  123.9602585   47.8110695   0.0402151  
  151.0711975   6.1396546    0.0402209  
  158.1173859   27.1706181   0.0402513  
  5.1360593     15.347352    0.0403118  
  180.4321442   7.5603385    0.0403314  
  134.1999054   22.7110157   0.0403873  
  204.6018066   1.4797667    0.0404087  
  122.5274048   38.0170975   0.0404168  
  120.7115021   35.7735481   0.0405107  
  225.6803131   43.2746201   0.0405927  
  126.6075668   39.610096    0.0406609  
  220.1833191   56.8953247   0.0406717  
  206.1001587   58.7609673   0.0406923  
  155.7673645   15.4759455   0.0407626  
  210.8628998   45.2353477   0.0408317  
  185.6922913   36.4103355   0.040838   
  117.0433884   41.889492    0.040849   
  164.9650574   32.0680618   0.0408862  
  148.5483093   7.1274023    0.0409084  
  131.9848938   40.8318672   0.0409372  
  255.5048828   24.2418404   0.0409493  
  180.4457397   58.1199112   0.0409692  
  214.2365875   45.64328     0.0410063  
  181.0864868   56.3466949   0.0410159  
  118.3215942   17.4833431   0.0410621  
  209.8341522   14.9681902   0.0411284  
  120.3313904   29.1793766   0.0411394  
  123.0031052   39.0125351   0.0412028  
  168.4813995   9.6428061    0.0412199  
  173.0154419   8.4250326    0.0412624  
  229.9549408   5.7967577    0.0412667  
  243.5041199   10.4584055   0.0413224  
  173.7983856   -2.2931433   0.0413642  
  203.9864807   26.7110825   0.0413648  
  237.6203308   55.0181084   0.0414787  
  234.7613983   5.8408484    0.0415387  
  39.5457382    0.1778293    0.0416605  
  162.2037659   66.6102066   0.0416668  
  155.9345093   37.6411438   0.0416922  
  238.6109772   56.0379486   0.0418167  
  125.649704    37.101368    0.0418384  
  237.6697235   7.9580026    0.0418676  
  173.9161835   10.1674252   0.0419429  
  349.2416992   -10.4994774  0.0420266  
  232.2035522   4.2789888    0.0420434  
  169.5412903   7.7816572    0.0420727  
  115.0219116   43.9006462   0.0421051  
  179.3179169   14.0587902   0.0421398  
  207.6408691   2.2322044    0.0421891  
  218.802475    13.7475128   0.0421964  
  134.2829895   38.1361504   0.0422082  
  184.4076996   51.8192635   0.0422487  
  142.3574677   30.9947205   0.0422703  
  131.7593689   55.6557846   0.0422752  
  244.171524    26.1175747   0.042396   
  217.1964111   33.387722    0.0424442  
  161.4132996   20.7462254   0.0424925  
  115.8298874   45.170166    0.0425215  
  174.6931152   10.883708    0.04255    
  124.3505402   51.7321434   0.0425536  
  229.744812    3.0072896    0.0426316  
  180.7378082   20.6599236   0.0427104  
  124.645607    50.6455307   0.0427657  
  130.7117615   24.0925922   0.0427776  
  174.8671722   -2.6946993   0.0427793  
  134.6376648   37.0865097   0.0428756  
  198.3083954   61.0484657   0.0428877  
  125.9544296   55.3636703   0.0429368  
  159.8548279   39.0825882   0.0429542  
  148.8357697   14.4267511   0.0429774  
  27.7829361    -9.7920341   0.0430332  
  243.0395966   50.5527611   0.0430829  
  122.1984711   56.9569511   0.0431508  
  162.8876953   36.083622    0.0431713  
  124.6962738   40.8301849   0.043254   
  127.283638    50.1128769   0.0433506  
  231.5953522   17.4052486   0.0433686  
  254.9398041   24.7456627   0.0434012  
  127.0857468   55.6668167   0.0434101  
  245.1676178   25.4628487   0.0434119  
  196.313446    5.2157307    0.0434457  
  154.9556427   -1.0226458   0.0434646  
  136.2305603   33.9561691   0.0434902  
  129.6905365   25.2364655   0.0436037  
  180.4101868   14.48388     0.043674   
  222.175705    44.4292145   0.043727   
  184.4319458   62.6326027   0.0437685  
  123.9682693   20.5024662   0.0437686  
  157.7726898   20.3112335   0.0438286  
  234.7788086   9.2961454    0.0438573  
  234.46521     3.4536998    0.0438793  
  129.1001282   56.5974503   0.0439297  
  222.5600128   6.5080929    0.0439645  
  215.0800018   8.9275055    0.0439746  
  203.0872192   29.0762348   0.044027   
  150.4695282   3.0113232    0.0440904  
  199.4446411   41.3406029   0.0441385  
  154.4788513   9.1359205    0.0441911  
  222.5430603   1.3834827    0.0442121  
  233.3708344   10.2419558   0.0442332  
  169.9396057   57.8458252   0.0442636  
  119.6524658   11.9321098   0.0442669  
  194.2319336   32.4475937   0.0443147  
  129.8682556   52.2510605   0.0443304  
  124.5435486   15.5417547   0.0443376  
  23.6890793    -0.9948818   0.0443464  
  178.2963867   25.4376125   0.0443566  
  182.4153595   62.8551102   0.0443635  
  132.6590118   24.592617    0.0443935  
  123.2856369   14.7312527   0.0444355  
  157.8677063   7.4818292    0.0444817  
  120.5427933   35.6672516   0.0445214  
  196.0924683   36.2619858   0.0445429  
  239.9650421   25.9406395   0.0446581  
  41.8667221    0.6519381    0.0446611  
  224.3048401   18.8608627   0.0447079  
  122.6839752   21.8215981   0.0447746  
  122.5107956   20.5273037   0.0447961  
  161.3684082   30.8229561   0.0448254  
  259.6318054   30.878376    0.0449334  
  206.9045868   17.5677967   0.0449569  
  26.1092281    13.1598692   0.0449807  
  127.1274872   23.0609303   0.0450102  
  158.3212738   16.4070778   0.0450576  
  237.9411926   18.1347046   0.0450668  
  236.2144012   17.8562546   0.0451169  
  333.8586426   0.0733619    0.0451873  
  156.1197357   4.6797585    0.0452017  
  194.1613464   50.6653175   0.0452489  
  238.8919678   42.6130333   0.0452514  
  222.0307312   31.7380428   0.0453889  
  186.3205261   49.9578705   0.0454345  
  165.1915588   27.8047771   0.0454893  
  184.4529419   54.4349594   0.0455255  
  188.7665863   21.9831657   0.0455392  
  155.1348572   6.871758     0.0455654  
  157.9078522   3.7660251    0.0455889  
  119.0276413   20.7623062   0.0456102  
  145.2973938   39.0124855   0.045611   
  198.6902008   62.0660439   0.0457207  
  224.3593445   10.055768    0.0457591  
  166.4498291   -0.8860474   0.0457647  
  178.1273956   66.3865128   0.0458741  
  187.8392181   17.0379181   0.0458753  
  178.6528778   20.1746407   0.0458986  
  176.3829651   31.4668827   0.0460102  
  6.9899712     -0.0612853   0.0460282  
  237.9859619   10.6747351   0.0460394  
  150.0094299   -1.0622495   0.0460914  
  169.6136169   57.5887032   0.0462295  
  246.7606506   43.4760971   0.0462348  
  189.120575    52.393013    0.0462611  
  141.0012817   38.8669128   0.0462682  
  175.5836029   54.7917328   0.0462904  
  123.7478714   58.0995979   0.0463786  
  117.9919357   16.749258    0.0463982  
  128.7877045   12.6113005   0.0464122  
  131.9721069   31.876976    0.0464227  
  243.8158417   14.8253756   0.0464298  
  115.8557968   37.9453812   0.046443   
  169.4855194   44.6089401   0.0464644  
  218.2408752   19.809063    0.0465022  
  162.949707    11.9838114   0.0465407  
  168.6241455   10.768445    0.0465514  
  226.7105865   17.0324154   0.0465576  
  158.0677338   53.6451187   0.0465859  
  222.2473602   9.5047636    0.0466428  
  181.146698    30.1087894   0.0466865  
  222.6004486   4.615366     0.0468121  
  188.7609558   66.37603     0.0468523  
  196.3455505   4.6453853    0.0468554  
  233.5682373   1.946915     0.0468838  
  255.326889    19.9174976   0.0469014  
  171.2467346   64.3140564   0.046924   
  226.5477753   16.6580334   0.0469624  
  130.2131042   31.9815159   0.0469931  
  214.3857574   36.3386421   0.0470036  
  137.6653442   38.6401596   0.0470226  
  193.9908905   8.609971     0.0470279  
  184.2834778   51.9988441   0.04708    
  238.7788391   34.7822723   0.0471418  
  203.4630737   -1.2327634   0.0471839  
  184.6487579   42.0139313   0.0472016  
  178.3159332   47.3355331   0.0472892  
  145.116745    12.9271746   0.0473122  
  157.5830841   8.0610695    0.0473397  
  244.0248718   50.9155502   0.0473438  
  197.5622711   8.7513199    0.0473551  
  151.95784     55.3960724   0.0473576  
  146.9991608   51.877533    0.0473939  
  213.6964722   -0.0036657   0.0475081  
  199.6074219   40.8653831   0.0475164  
  244.1145935   52.2049026   0.0475369  
  162.7543945   19.3436337   0.0475422  
  166.4958496   58.946125    0.0475599  
  160.9121094   11.0987186   0.0475869  
  152.503891    15.7253542   0.0475905  
  141.5829163   50.5709457   0.047632   
  177.6220856   28.594574    0.0476601  
  225.5141144   18.4929371   0.0476658  
  180.8180389   1.6354625    0.0477174  
  144.7482147   13.2654858   0.0477344  
  200.2276917   -0.941193    0.0478313  
  180.2378082   20.2733536   0.0478436  
  244.0162659   15.2389812   0.0479444  
  164.7222748   42.0046387   0.0479815  
  187.9678345   23.6341934   0.047994   
  153.6350708   30.7223492   0.0480059  
  170.3636627   1.5311327    0.0480899  
  160.1210785   28.8861256   0.0481691  
  225.932251    36.3737488   0.0482204  
  167.5856323   -0.12231     0.0482534  
  141.390686    27.3474636   0.0483853  
  143.1306      17.6924477   0.0484939  
  206.0169373   25.6635056   0.048591   
  216.291687    36.5409966   0.0486142  
  36.1874275    -7.5493793   0.048627   
  190.2608185   5.6958485    0.0487422  
  135.7478027   17.211771    0.0487888  
  131.9644775   54.023037    0.0487907  
  167.9308319   53.9885674   0.0488051  
  171.5276794   16.392786    0.048866   
  163.0812225   44.1727104   0.0488869  
  184.5081787   40.3828354   0.0489044  
  138.8107605   11.8670216   0.0490456  
  128.9811859   49.8497429   0.0490599  
  182.5967407   32.3435211   0.0490951  
  211.3552551   -0.8113447   0.049182   
  217.723053    11.236639    0.0492462  
  168.3053589   55.5558624   0.0492765  
  154.6355133   -0.9923267   0.049314   
  240.6946564   51.8733635   0.049314   
  173.1022949   27.9362011   0.0493288  
  185.0772552   27.920372    0.0494066  
  203.5606232   22.1827602   0.0494551  
  168.7922363   29.5300579   0.0496044  
  217.3386383   10.6993513   0.0496178  
  155.6935272   48.6371346   0.0498273  
  225.3254242   16.7779522   0.0498335  
  190.4484253   44.9146461   0.0499416  
  144.8958893   37.5218544   0.0499483  
  349.605835    14.9385338   0.050035   
  259.2192383   57.4637794   0.0500473  
  221.4625397   8.5423822    0.0500672  
  179.1115417   50.1146812   0.0500697  
  121.2724075   40.1745682   0.0500956  
  166.4211731   5.7065167    0.0501331  
  242.2294617   5.6351924    0.0501411  
  248.8466492   14.8560829   0.0501476  
  149.5986938   37.9897766   0.0501598  
  38.5440063    -0.001787    0.0502177  
  188.1604919   28.7749577   0.0502658  
  128.185318    32.0641212   0.0502685  
  158.7239075   60.6912346   0.0504118  
  120.4009628   9.8752356    0.0504333  
  215.7920227   6.1550546    0.0504393  
  130.905365    5.3169284    0.0504514  
  158.1583557   26.6638584   0.0504809  
  169.5432739   34.3626022   0.0504841  
  188.1815338   29.3813801   0.0505149  
  142.8333435   16.2957363   0.0505461  
  222.0012207   9.9179287    0.050553   
  142.7900391   22.7465115   0.0505872  
  194.7609253   46.5798607   0.0505885  
  139.3553162   19.4750519   0.0506517  
  157.9838715   59.9820061   0.0506914  
  176.3327484   26.8739319   0.0507154  
  223.5774231   12.4960155   0.0507321  
  174.2468414   56.5935593   0.0507569  
  159.3132935   13.0344648   0.0508004  
  245.8762054   35.9614449   0.0508053  
  154.1563721   29.9228764   0.0508162  
  169.0779266   64.2371826   0.0508564  
  194.8111572   59.3490295   0.0509477  
  189.047699    58.0723076   0.0509549  
  230.3227844   56.9269485   0.0509884  
  157.6983643   1.4838812    0.0510111  
  348.7566833   0.0722251    0.0512194  
  167.9721222   13.8298702   0.0512465  
  164.8701324   45.896965    0.0512516  
  144.0200806   23.6729546   0.0512905  
  155.5842133   61.8878822   0.0513423  
  178.9797821   24.6333313   0.0513497  
  142.5227509   13.9726286   0.0513537  
  193.793335    -2.1611402   0.051427   
  16.8082733    0.7927169    0.0514798  
  145.7525177   28.8217087   0.051486   
  209.6052399   59.1487999   0.0515066  
  148.8154907   34.5867462   0.0515132  
  27.6008968    -9.0178795   0.0515996  
  182.5664215   55.2577171   0.0516043  
  177.1598206   56.9462471   0.0516471  
  123.6664658   38.1962891   0.0516591  
  185.5508118   55.9934502   0.0516776  
  137.0241089   49.9109077   0.0517833  
  196.3334808   17.9229832   0.0517995  
  179.144165    53.974308    0.0518539  
  151.5466309   25.1494427   0.051902   
  170.160675    36.2142754   0.0519829  
  28.1320534    -10.0538683  0.0522034  
  142.1262054   32.4668198   0.052241   
  169.5284576   43.2230339   0.0522664  
  164.1927643   6.8531771    0.0523219  
  210.8738708   19.2101898   0.0523908  
  226.4924622   38.4898643   0.0524491  
  175.9702911   15.6687756   0.0524555  
  213.2239685   48.0992279   0.0524757  
  248.2408752   12.5777235   0.0524786  
  155.1432495   -1.0891567   0.0525164  
  152.2851105   62.393074    0.0525701  
  112.933548    38.3365593   0.0526712  
  161.735321    22.7295952   0.0527317  
  198.7278442   34.7023964   0.0527355  
  173.938797    49.2723808   0.052795   
  153.9481049   14.6314363   0.0528373  
  168.1429749   17.3045979   0.0528815  
  242.8618774   27.9622765   0.0529038  
  159.4638214   13.6586742   0.0529481  
  143.0427399   36.827137    0.0529626  
  133.1492004   17.1097336   0.0529897  
  213.7760773   29.5991039   0.0530482  
  197.9149933   46.9180908   0.0531098  
  134.0964966   45.1546402   0.0531279  
  172.2939148   15.4911442   0.0531386  
  218.0442505   8.1893969    0.0532291  
  149.514389    36.6153641   0.05327    
  19.4322739    -0.831386    0.0533422  
  189.6963959   40.6961479   0.0536092  
  213.238327    28.7473717   0.0536174  
  169.417923    65.7500687   0.053628   
  192.1197662   42.2976761   0.0536707  
  126.5597      48.2802162   0.0537523  
  243.8782501   30.5037956   0.053819   
  240.2326813   16.2999001   0.0538458  
  254.8395996   22.0364819   0.05385    
  227.2068634   0.1780676    0.0539949  
  175.5925446   16.0947742   0.0539961  
  11.9069891    -0.1212329   0.0540009  
  152.9389648   11.3462839   0.0540998  
  172.1804657   10.1272879   0.0541342  
  203.8965302   40.1111259   0.054177   
  168.7520752   46.6345329   0.0541852  
  202.6322937   -0.6033409   0.0542396  
  162.2882385   21.6756458   0.0543205  
  181.9735718   34.0368729   0.0543657  
  117.4808884   29.7282066   0.0544126  
  221.8912506   56.2378311   0.0544429  
  129.7334747   43.4311981   0.0544663  
  162.5051575   23.1585217   0.0544997  
  156.3419952   19.1397591   0.054516   
  206.609024    7.6818986    0.0545515  
  202.6587982   40.8987465   0.0545946  
  199.6046143   39.4861946   0.0546525  
  241.7739868   30.2176228   0.0546881  
  28.0948162    -0.3896585   0.0547261  
  157.033905    16.5356255   0.0547754  
  176.8580933   49.138607    0.0548352  
  207.0609436   8.1846905    0.0548497  
  184.618042    57.2384796   0.0549116  
  150.5562897   11.3197279   0.0550109  
  128.9556122   43.5645752   0.0550253  
  154.1879883   42.1737633   0.055026   
  220.8279572   20.7862606   0.0550279  
  140.4604492   15.1259813   0.0550403  
  216.6862793   9.1792593    0.0550424  
  227.1226196   37.1891098   0.0550689  
  243.039856    41.6581993   0.0551129  
  242.3236542   4.0439072    0.0551749  
  163.4093781   14.7497511   0.0552115  
  252.4217224   24.8363609   0.055233   
  158.9327545   37.5882301   0.0552498  
  120.9997864   15.2543955   0.0552856  
  240.6135101   31.5529842   0.0554004  
  339.0969238   -0.7906352   0.0554725  
  200.775528    5.8428802    0.0554823  
  131.3988647   51.5337257   0.0555151  
  226.0490875   7.45643      0.0556012  
  349.4284668   13.9583902   0.0556338  
  183.9176025   45.5647812   0.0556595  
  337.6675415   -8.5293856   0.0557145  
  127.693161    42.9079857   0.0558632  
  225.5348816   7.2157707    0.0558685  
  121.250061    23.949955    0.0559378  
  222.0893097   -0.8075328   0.0562283  
  235.3943939   34.1302109   0.0563549  
  233.231781    42.0717506   0.0563947  
  3.7672155     16.1439838   0.0564161  
  138.2813873   6.8215013    0.0564535  
  203.4879913   3.2322772    0.0564679  
  162.9188843   3.2194993    0.0565168  
  155.3720856   0.1551493    0.0565492  
  177.1587524   60.996891    0.0567206  
  140.1198883   18.9262161   0.0567561  
  248.4165649   20.714529    0.056912   
  43.3520088    -8.8787794   0.0570128  
  7.6152864     14.813427    0.0573127  
  240.1208801   8.036212     0.0573234  
  196.6146088   7.0428591    0.0573661  
  190.028717    9.5977926    0.0574247  
  214.1152802   4.9613681    0.0575219  
  9.348691      15.0287781   0.0575455  
  182.9623871   13.392252    0.0576471  
  150.7641296   45.5979805   0.0576655  
  120.4720917   18.1154041   0.0577464  
  194.9250183   43.7532043   0.0578109  
  207.8091278   17.6300011   0.0578922  
  146.6981201   2.1684017    0.0579501  
  189.7395935   43.5508881   0.0579573  
  136.2993011   4.8927054    0.0579939  
  205.2201538   11.9150515   0.0580069  
  185.7063751   12.5805225   0.0580254  
  130.3075104   27.9078026   0.0580602  
  245.9876404   44.8506508   0.0581484  
  179.9342041   25.6210518   0.0581897  
  322.3975525   -0.2707352   0.0583791  
  240.4897156   37.1306343   0.0584188  
  164.7923279   32.1847572   0.0584787  
  134.639389    37.1495743   0.0584802  
  227.3870239   42.4899292   0.0585718  
  197.6501617   42.8530617   0.0586024  
  165.5102386   19.3695488   0.0587969  
  251.2795258   42.1402321   0.058801   
  317.8229065   10.4825697   0.0588507  
  187.7692261   -2.3437448   0.0588543  
  247.6581879   27.4622707   0.0589226  
  229.6352234   58.4144516   0.0589687  
  209.5206757   57.1676941   0.058987   
  197.8127136   27.3129292   0.0590069  
  183.0591583   67.0492325   0.0590152  
  212.5818787   36.0394669   0.0590666  
  178.5716095   49.5897636   0.0591217  
  163.1000824   43.418396    0.0591434  
  163.6783905   36.0050201   0.059146   
  237.9669952   25.7523232   0.0591659  
  182.8788452   25.1215191   0.0592007  
  157.2804871   36.8433762   0.0592014  
  243.7754669   33.527462    0.0592532  
  251.5579529   26.8357563   0.0593198  
  241.5150604   30.6502304   0.0593434  
  167.8232574   16.4817333   0.0593572  
  175.755127    -2.2145622   0.0593762  
  122.5316238   23.2767181   0.0593825  
  210.7601166   -0.3355339   0.0594312  
  176.0951538   35.8611145   0.0596277  
  170.538269    59.6582909   0.0597108  
  114.1625366   38.0361519   0.0597115  
  119.4518127   47.8728676   0.0598606  
  208.6672363   44.831543    0.0598833  
  175.6655426   57.651722    0.0600366  
  208.6410522   34.3474388   0.0601456  
  210.8022461   15.3739634   0.0601483  
  167.8907471   32.8648796   0.0601548  
  164.2136078   36.7087669   0.0601628  
  198.0573883   58.5375786   0.0602505  
  213.9856873   47.2119865   0.0603394  
  185.2292786   33.2971153   0.0603688  
  151.8735657   9.5100069    0.0605005  
  135.0319061   37.4118805   0.0605332  
  112.5240707   44.2053223   0.0605371  
  205.5431671   24.5578861   0.0606026  
  310.0926514   -4.8333297   0.0607444  
  255.7782898   59.7912865   0.060748   
  197.5801239   32.0233994   0.0608686  
  197.9045868   32.0594559   0.0608772  
  191.0698242   11.857542    0.0609663  
  1.0909884     1.0891659    0.0610249  
  223.3811646   26.9692078   0.0610909  
  221.8903046   20.8693295   0.0611691  
  167.4949493   34.5108833   0.0612203  
  199.3414001   32.5871658   0.0612292  
  198.8964691   20.6667366   0.0612581  
  210.9982605   23.93503     0.061288   
  131.6268616   20.5387363   0.0613072  
  179.5380249   7.4907136    0.0614424  
  148.5715942   21.6612854   0.0615044  
  194.3225555   14.2198524   0.0615842  
  198.2496796   43.204319    0.0616805  
  33.2399597    14.1028538   0.0617163  
  196.6352081   54.6319733   0.0617532  
  242.7647247   30.454792    0.0617593  
  242.3837128   4.8146849    0.0617597  
  341.8855896   0.1639571    0.0618337  
  200.1871796   11.5542269   0.0618555  
  190.7093201   29.8201942   0.0618826  
  175.3849335   19.0636597   0.0619393  
  255.3856964   33.0522385   0.0620392  
  242.6726227   0.2765212    0.0620592  
  176.2267303   53.9622498   0.0620686  
  244.4229584   40.9338188   0.0620948  
  246.3085632   24.5165749   0.0621107  
  148.9955902   6.5662322    0.0621168  
  183.013504    36.4603882   0.0622015  
  158.2821198   53.7214317   0.062257   
  228.098526    11.133008    0.062261   
  197.0434723   18.3816967   0.0622731  
  124.9571381   33.0935898   0.0623349  
  229.9204559   19.8155842   0.0623456  
  202.712616    37.0493393   0.0623639  
  140.8695679   40.7588997   0.0625678  
  207.7675323   19.4355755   0.0625916  
  214.8136292   56.2335587   0.062606   
  117.1164474   30.0690918   0.0626512  
  180.608139    50.4591484   0.062676   
  241.8100281   33.3192062   0.0626885  
  182.9020233   60.0627022   0.0630165  
  196.6570892   16.3193531   0.0630394  
  222.5515137   30.3376331   0.0630986  
  255.8276215   59.4282074   0.0631298  
  165.1094971   31.8983021   0.0632401  
  206.6873016   30.9578972   0.0632525  
  183.5760651   29.5296421   0.0632632  
  197.668457    -0.492236    0.0632697  
  176.4514923   34.0400391   0.0633166  
  182.4830017   58.6111488   0.0633673  
  250.2010193   36.9605026   0.063369   
  235.9204865   39.5403519   0.0634711  
  157.9833069   50.6850624   0.0634735  
  203.7631836   35.4873085   0.0635007  
  227.4702148   20.4008293   0.0635197  
  204.3168793   56.3228645   0.0635793  
  139.3191071   29.0177288   0.0636595  
  146.5310516   21.5646515   0.0637136  
  152.9251862   6.2472076    0.0637197  
  207.8060913   23.359993    0.0638147  
  187.733551    65.8325119   0.0638813  
  176.8786774   36.152729    0.0639811  
  245.5011139   38.9950066   0.0639988  
  204.2349548   56.0166245   0.0643103  
  242.4553986   4.9704528    0.0645038  
  193.529129    55.2308655   0.0645411  
  190.8061676   7.451045     0.0645456  
  341.0954285   -9.0194244   0.064548   
  130.0098572   29.8174038   0.0648403  
  186.2626495   22.9532986   0.0648528  
  119.3648987   14.0640345   0.0648646  
  242.9135742   38.2115746   0.0648718  
  186.969574    20.4771042   0.064897   
  221.5695953   18.1798229   0.0649183  
  208.3196106   21.2691689   0.0649337  
  226.8419647   19.4471951   0.064962   
  148.539093    24.8070583   0.0649663  
  208.9200592   11.743947    0.0650278  
  126.5307617   12.166481    0.065181   
  125.9450912   54.2327118   0.0652009  
  189.3149109   51.2008476   0.065286   
  157.8801422   18.0366344   0.0654763  
  182.6250458   45.9588776   0.0654866  
  221.8475952   25.3822918   0.0655248  
  342.0583801   -9.0417757   0.0656189  
  17.578804     0.1301298    0.0656658  
  55.3559494    -7.3834324   0.0656976  
  197.6976624   15.7868757   0.0658488  
  211.293869    40.4524651   0.0658686  
  212.2104492   38.9231186   0.0658776  
  234.0935211   34.8696938   0.0659372  
  15.6568632    -1.0689373   0.0659378  
  126.9973221   29.2428894   0.0660903  
  123.2479248   10.2260656   0.0661871  
  236.9216156   35.6398582   0.0662409  
  169.3539429   44.5633125   0.0662541  
  234.3746643   46.8640938   0.066351   
  146.662262    4.3137698    0.0664414  
  195.5228882   9.3882771    0.0665257  
  175.7201538   32.8567429   0.0666226  
  197.5832672   4.3002295    0.066672   
  239.3568726   20.0044651   0.0666738  
  131.6776581   31.7163734   0.0667971  
  331.5105896   -8.351799    0.0670054  
  142.4295959   35.1966209   0.0670179  
  161.072464    34.9447021   0.0670655  
  136.6236572   56.7964706   0.0672827  
  245.8536835   21.2318077   0.0673939  
  173.7613373   59.9031181   0.0675242  
  161.5333099   13.2199173   0.0675426  
  344.1737976   0.1616872    0.067554   
  176.9572449   23.1061287   0.0675897  
  206.4804993   56.2645836   0.0676832  
  172.4701538   4.1351781    0.0676851  
  228.5450897   18.0652943   0.067834   
  167.2161713   23.2963486   0.0678787  
  240.9675293   28.29496     0.0679094  
  207.269577    6.8598685    0.0679932  
  172.2229767   43.2299004   0.0680013  
  222.8731842   24.2874699   0.0681252  
  235.6379242   38.4929237   0.0681432  
  164.7794342   10.0125065   0.0682753  
  210.0427094   27.5866718   0.0683767  
  121.9253387   39.8171349   0.0684162  
  130.8978424   41.3083763   0.0684428  
  128.8009796   31.7042427   0.0684541  
  172.8866577   49.8575783   0.0685878  
  194.513031    27.9705486   0.0686294  
  241.9110718   35.1272354   0.0686984  
  241.093277    11.2285271   0.0687933  
  153.3592224   12.2871513   0.0689169  
  129.3895416   15.7285309   0.0690166  
  18.3136616    0.4372538    0.0691031  
  227.322525    11.1785364   0.0691821  
  215.2621002   17.2874146   0.0695309  
  169.5552368   28.9161625   0.0696735  
  144.8667145   25.9260921   0.0697079  
  234.647171    26.2217617   0.0698987  
  136.6673126   6.5623999    0.069901   
  149.0029297   13.1352177   0.0700095  
  129.7085266   18.9059563   0.0700318  
  211.2763367   51.2567596   0.0700931  
  186.8999176   16.3730354   0.070118   
  219.9790192   54.1888123   0.0701513  
  169.5322876   42.0448494   0.0704758  
  234.8505859   48.1437569   0.070498   
  37.713562     0.7887371    0.0706587  
  153.4732208   -0.3188718   0.0710345  
  245.8300171   50.9391289   0.0710861  
  229.6710663   23.6052589   0.0711505  
  177.6827393   34.1881828   0.0713947  
  178.9380951   44.8954811   0.0715103  
  153.96875     0.0883307    0.0716049  
  197.7041931   26.2743187   0.0716174  
  176.7681885   26.398592    0.071841   
  162.1287842   33.5361595   0.0718433  
  198.7547913   31.6913929   0.0718812  
  214.2755585   45.6170807   0.071974   
  245.1960907   25.9974117   0.0720532  
  208.5921631   44.1155548   0.0721069  
  180.776123    46.6945915   0.0723202  
  125.738739    38.7037239   0.0723507  
  139.1999664   15.8379688   0.0724671  
  148.6760254   3.5071285    0.0725228  
  242.2722473   18.3741894   0.0725921  
  232.6753693   14.6932993   0.0730152  
  26.9376831    -8.8724194   0.0733348  
  189.1562653   16.5623989   0.0733435  
  1.901172      -0.232024    0.0735794  
  128.0444183   31.0391636   0.07364    
  205.8493652   60.9427872   0.0736547  
  1.516309      -0.7269756   0.0736816  
  245.8567657   40.2023888   0.0737531  
  238.9359741   28.0207634   0.0737665  
  118.958374    22.6628952   0.073958   
  176.8575592   54.4073372   0.0741876  
  12.1959114    15.7089376   0.0742681  
  119.7223053   42.3978729   0.0743412  
  168.3918457   11.4561777   0.0745629  
  149.384552    11.9772434   0.0745743  
  188.6021423   6.8475556    0.0748059  
  189.8881989   10.96768     0.0749204  
  187.4694977   21.404213    0.0750135  
  182.337265    28.5314484   0.075236   
  181.4425659   24.1680298   0.0754327  
  175.7926331   54.2010193   0.0757009  
  151.1149292   44.9673615   0.076112   
  41.5311508    -0.329622    0.0764834  
  216.800705    35.6083107   0.0767561  
  176.6767731   53.6049728   0.0768471  
  234.2367096   16.1018429   0.0769966  
  238.0770111   30.1935501   0.0771641  
  232.6412659   -1.2397681   0.0774579  
  232.2340698   6.4517417    0.0777381  
  187.243515    2.1908715    0.0777993  
  181.1643829   1.7691972    0.0779593  
  141.9681396   7.2514944    0.0780458  
  182.0274506   25.5094948   0.0783678  
  251.3079071   30.7607193   0.0784072  
  189.4666901   1.3160286    0.0785812  
  137.7427216   15.8461475   0.0785997  
  229.2159271   30.6639538   0.0788644  
  167.2016602   33.5095024   0.079135   
  182.4768524   -0.9181708   0.0791519  
  26.0109329    -0.119152    0.0793868  
  176.1798248   39.6107521   0.0798359  
