# ra            dec          z          
  171.3154297   -2.0761209   0.0628677  
  171.2636414   -2.0910463   0.062973   
  171.4006805   -2.0668116   0.0629992  
  208.6770477   65.2443085   0.0357842  
  208.6645203   65.2758026   0.0356484  
  209.0104218   65.2963791   0.0361473  
  211.2034607   4.9810596    0.0464889  
  211.1923981   4.9701266    0.0469491  
  211.2818909   4.9680991    0.0464693  
  251.4674988   44.4374847   0.070145   
  251.5496826   44.4277916   0.0698581  
  251.5214233   44.3700752   0.0702075  
  133.5354767   0.4985674    0.0282144  
  133.4945221   0.3500426    0.0281563  
  133.4734802   0.3042332    0.0283185  
  207.8236694   0.3849307    0.0299239  
  207.7752991   0.4622775    0.0301176  
  207.8159027   0.3911883    0.030128   
  218.9557953   62.4211273   0.0475306  
  219.0340576   62.4803391   0.0472323  
  218.8075409   62.5244713   0.0470337  
  197.6862946   0.0320904    0.0410011  
  197.681366    -0.107735    0.0412568  
  197.7229614   0.1007953    0.0410479  
  320.8764343   -7.7459722   0.027672   
  320.9192505   -7.8179865   0.0280483  
  320.8862915   -7.8086224   0.0279848  
  22.224062     14.7207088   0.0366698  
  22.1751518    14.6092567   0.0363883  
  22.2358398    14.7032833   0.0370698  
  127.4596481   48.7810135   0.0235768  
  127.3303299   48.849556    0.023527   
  127.388382    48.7945137   0.0234631  
  200.9196014   1.3618226    0.0567743  
  200.8994751   1.3705938    0.0570542  
  200.8718414   1.3775129    0.056659   
  232.2092896   0.7772493    0.0398193  
  232.2976074   0.7242733    0.0397862  
  232.1445618   0.7463136    0.0398718  
  225.2734528   0.5304742    0.0355229  
  225.2845001   0.514225     0.0360068  
  225.2091827   0.4329967    0.0357571  
  259.7788086   65.732254    0.0356667  
  259.8740234   65.6999893   0.0358845  
  260.0363464   65.764595    0.0357478  
  192.9834595   -2.0775597   0.0228804  
  193.0932922   -2.2258098   0.0230199  
  192.9980316   -2.0409594   0.0228967  
  155.2322083   1.2360662    0.0709062  
  155.2389679   1.2375543    0.0713867  
  155.2355499   1.2603915    0.0706042  
  190.1459351   2.4681439    0.0457473  
  190.0858765   2.4363573    0.0457012  
  190.1047668   2.4338298    0.0460626  
  211.2621155   -0.2514086   0.0328294  
  211.256485    -0.2542771   0.0323905  
  211.2888794   -0.2943406   0.0324815  
  189.9515686   -2.7960889   0.0479376  
  189.8643799   -2.8271482   0.0479204  
  189.896637    -2.7462733   0.0477104  
  231.9776306   54.2697945   0.0399267  
  231.8754272   54.3660851   0.0400947  
  232.0192566   54.2772598   0.0400265  
  134.7739563   53.7716179   0.0077586  
  134.2863312   53.8163033   0.0077648  
  134.0773926   54.138443    0.0079231  
  145.6000824   63.1652985   0.0312667  
  145.8541412   63.0247307   0.0315877  
  145.749176    63.1084557   0.0312104  
  119.1681976   44.869812    0.0501485  
  119.1821671   44.8567162   0.04992    
  119.2419357   44.8105316   0.0503741  
  134.2417145   52.0659714   0.0125876  
  134.6554871   51.8784943   0.0126886  
  134.6230774   51.9671631   0.0122463  
  136.1461487   52.1204109   0.0656272  
  136.0719147   52.0679665   0.0652353  
  136.0525055   52.1367264   0.0658598  
  143.989624    54.9933624   0.0585204  
  143.9198303   54.9073296   0.0590397  
  143.8961182   55.0529633   0.0583675  
  122.384285    39.8879318   0.0636345  
  122.3806229   39.8018608   0.063881   
  122.4302139   39.8133621   0.0640983  
  162.2811584   4.9406943    0.0552548  
  162.2887115   4.9564762    0.0552338  
  162.197525    4.9618044    0.0557859  
  348.1217957   13.9422617   0.0341109  
  348.1021729   13.9512777   0.0341153  
  348.1083069   13.9139442   0.0338908  
  143.0188446   51.5509529   0.0335626  
  142.9998322   51.3816872   0.0333021  
  142.7944031   51.5189171   0.0335604  
  138.2592926   49.6394768   0.0132934  
  138.4724579   49.4253845   0.0134498  
  138.5723114   49.5015755   0.0133224  
  148.123642    2.1544497    0.016646   
  148.1043243   2.1809692    0.0168741  
  148.1118317   2.278928     0.0167502  
  310.0940552   -6.3589239   0.0359109  
  310.2460327   -6.3570547   0.0357075  
  310.0239868   -6.379972    0.0359279  
  188.0663605   2.9995937    0.0441571  
  188.1585388   3.0180533    0.0439185  
  188.0786896   3.0027115    0.0436909  
  25.8822498    13.5137596   0.0538756  
  25.9109497    13.5276632   0.0542076  
  25.9432316    13.5249748   0.0538471  
  136.8112488   2.4426973    0.0514083  
  136.8289032   2.5497751    0.0516431  
  136.8121338   2.4360416    0.051139   
  206.8139954   62.4696083   0.0439556  
  206.7724609   62.4234695   0.0441003  
  206.8101501   62.4451866   0.0438821  
  323.2228699   -7.1967325   0.060536   
  323.2260742   -7.1776075   0.0610458  
  323.1615906   -7.1903634   0.0602311  
  186.8650513   3.3021107    0.0487801  
  186.8801117   3.2597189    0.0487449  
  186.8201141   3.3035984    0.0485896  
  176.1377563   61.5335503   0.047992   
  176.0404358   61.5715446   0.0477858  
  176.1062317   61.5249748   0.0485171  
  174.3623505   1.5351485    0.0457139  
  174.3476257   1.5616505    0.0460802  
  174.3793488   1.4901177    0.0461126  
  157.9731293   62.4011154   0.0522212  
  158.0492554   62.3629189   0.0527172  
  158.068573    62.3594513   0.0523443  
  126.8616257   41.4945831   0.0360461  
  126.7548599   41.5340538   0.0359545  
  126.8216171   41.4789772   0.0359713  
  351.2510681   -0.0022607   0.0335781  
  351.2658997   0.0186833    0.0339239  
  351.2576904   -4.239E-4    0.0339721  
  208.0322113   5.4321742    0.0789228  
  208.041748    5.3628831    0.078712   
  208.0174408   5.5046277    0.0787557  
  233.2897034   -1.866016    0.0282097  
  233.4204865   -1.8284371   0.028622   
  233.4280396   -1.941348    0.028569   
  229.5192566   3.4897614    0.0676394  
  229.5090027   3.5336967    0.0681696  
  229.5099182   3.5513978    0.0672338  
  202.903717    61.6282845   0.0440933  
  202.967804    61.6792564   0.0438619  
  202.6517639   61.5684509   0.0438795  
  215.1903839   58.6989479   0.0461097  
  215.1563873   58.7232399   0.0463441  
  215.1250916   58.6683426   0.0462663  
  132.8985291   47.5576706   0.0290573  
  132.9458008   47.5189934   0.0288066  
  132.8315125   47.5423546   0.0292092  
  4.9236789     0.3756782    0.0412699  
  4.8702292     0.3352386    0.0413334  
  4.9333768     0.3772269    0.0411024  
  210.0547485   3.424397     0.0347652  
  210.1838226   3.3392608    0.0349457  
  210.052002    3.4344544    0.0344627  
  183.6329651   4.4350743    0.0765375  
  183.6796265   4.417655     0.0767198  
  183.6894989   4.4175644    0.0768031  
  120.0046692   28.7417507   0.0407727  
  119.9100952   28.7460899   0.0412586  
  119.9338303   28.7273064   0.0408299  
  168.3417664   61.4468155   0.0676695  
  168.3347626   61.4214935   0.0673354  
  168.1984253   61.3902588   0.0672461  
  172.7638397   62.3046722   0.0327737  
  172.8016052   62.320652    0.0324005  
  172.8147125   62.2709846   0.032569   
  184.5414734   62.8019676   0.0496848  
  184.3021698   62.8256836   0.0501247  
  184.3645172   62.8387566   0.049727   
  181.213028    63.1314964   0.0403837  
  181.3158417   63.1838226   0.0407719  
  181.3570557   63.1484718   0.0401522  
  123.2413559   36.2546349   0.008238   
  123.2436523   36.198307    0.0083038  
  123.6498871   36.43433     0.0082114  
  123.4486465   37.0503731   0.0306034  
  123.2456665   37.1220779   0.0303404  
  123.4127655   37.1042595   0.0303204  
  171.9267273   55.9211655   0.018776   
  172.0204926   55.9419022   0.0188648  
  171.9113922   55.9588013   0.0186453  
  249.5536499   40.1734772   0.0368596  
  249.4851074   40.1767845   0.0366398  
  249.7170258   40.1993294   0.0364618  
  180.2411194   59.3851166   0.0328079  
  180.2927704   59.4613838   0.0333079  
  180.3265686   59.4394379   0.0323798  
  181.5690155   61.1539764   0.0520291  
  181.3980713   61.2023773   0.0519907  
  181.6430969   61.1287575   0.052074   
  166.8654633   53.9879875   0.0604697  
  166.8552094   53.9874954   0.0603842  
  166.9653931   53.9662209   0.0601885  
  208.7450256   46.9445763   0.0278542  
  208.8079224   46.9410286   0.0278525  
  208.8569336   46.8642654   0.0281138  
  354.179657    13.6741428   0.062328   
  354.1315002   13.7396755   0.0620602  
  354.1835938   13.7229567   0.0624551  
  231.2683411   4.8298302    0.0215107  
  231.271347    4.9062967    0.0215675  
  231.2453156   4.7900739    0.0211898  
  347.7527161   13.6315804   0.0227637  
  347.7193909   13.7450972   0.0229905  
  347.7629395   13.6185284   0.0226489  
  139.1047974   42.9916573   0.0087285  
  139.1044617   43.0053711   0.0085444  
  139.0990295   43.1887016   0.0088225  
  162.6966705   6.0985241    0.0420034  
  162.5705261   6.122592     0.0421994  
  162.7345123   6.0225739    0.0419249  
  165.5915375   6.0772448    0.0219731  
  165.4871826   6.2149539    0.0221958  
  165.4694366   6.066855     0.0217584  
  167.1433716   8.7365875    0.0716096  
  167.1611786   8.7842989    0.0714365  
  167.151474    8.7542639    0.0710776  
  156.4285889   45.3478622   0.043826   
  156.4275665   45.34618     0.043883   
  156.43573     45.3892593   0.043653   
  166.1536102   6.39503      0.0321158  
  166.2029724   6.3582106    0.0322782  
  166.2288818   6.4619517    0.0321384  
  170.6893921   7.5204101    0.0415198  
  170.6337891   7.5141335    0.0417745  
  170.681427    7.5587368    0.0413725  
  168.5262604   55.7108727   0.027916   
  168.444519    55.7218323   0.0276168  
  168.2743225   55.8088646   0.0277566  
  199.9028015   -2.9120548   0.0227259  
  199.9594574   -3.0907876   0.0225789  
  199.7984619   -3.0148697   0.0223324  
  199.147934    -2.0913463   0.0188499  
  199.2642212   -2.261318    0.0193464  
  199.298111    -2.201072    0.0189486  
  183.6974487   10.9178753   0.0787102  
  183.6743622   10.959054    0.0783227  
  183.6967773   10.892581    0.0782564  
  227.6498718   54.3873978   0.0383522  
  227.6999817   54.5208969   0.0387001  
  227.62117     54.4571342   0.0386288  
  132.8991852   39.589756    0.0410222  
  132.8575745   39.5949249   0.0410136  
  132.9336548   39.7313843   0.0408647  
  197.9531097   10.6021843   0.0314752  
  198.0423737   10.6086178   0.0316835  
  197.9842224   10.6649189   0.0311004  
  148.0188141   6.2093205    0.0618902  
  147.9524384   6.2033696    0.0615708  
  148.0740051   6.1716003    0.0616287  
  151.2845001   44.513958    0.0263223  
  151.2671661   44.4820518   0.026486   
  151.3113098   44.5382156   0.0264534  
  149.8283844   52.257061    0.0404894  
  149.9599762   52.2288284   0.0401648  
  149.7799835   52.2336502   0.0403866  
  129.2771606   41.4563217   0.0291456  
  129.1775055   41.4723091   0.0291908  
  129.0479126   41.4404716   0.0294044  
  211.807251    45.8900146   0.040191   
  211.921402    45.9155426   0.0404884  
  211.9259491   45.8999977   0.0403823  
  176.4405823   47.1747055   0.0539763  
  176.3585205   47.235096    0.0544449  
  176.4405212   47.2319069   0.0542705  
  230.7778931   37.6697731   0.0649576  
  230.8106995   37.721199    0.0654293  
  230.8120422   37.6120377   0.0646221  
  155.2425232   6.6418066    0.0327782  
  155.1702881   6.5497098    0.0333115  
  155.2348175   6.788918     0.0332722  
  236.6249542   32.1172752   0.031941   
  236.7282715   32.0672874   0.0321718  
  236.6020508   32.091629    0.0319026  
  178.7575989   49.8995438   0.0591243  
  178.7165985   49.8483887   0.0594923  
  178.8257141   49.9171791   0.059402   
  233.4733276   45.1176834   0.0716863  
  233.5182953   45.0549774   0.0718015  
  233.4685516   45.0506363   0.0721416  
  217.8249207   7.9446321    0.0268959  
  217.697937    7.990499     0.0267582  
  217.9860382   7.8293328    0.0267322  
  214.3864136   8.8555679    0.0365604  
  214.2670746   8.9685936    0.0363515  
  214.4500122   8.9506693    0.0363269  
  135.307663    6.0224829    0.076363   
  135.3305054   5.957963     0.0758786  
  135.3656464   6.0067096    0.0763804  
  195.788147    54.6165619   0.0283369  
  195.871521    54.6714783   0.0287409  
  195.7241974   54.5149803   0.027969   
  156.6608276   37.7746811   0.0509194  
  156.6672668   37.7420273   0.0506653  
  156.6411743   37.7240181   0.0508355  
  206.0349579   45.34132     0.0384832  
  206.0170898   45.3102951   0.0386476  
  205.9740143   45.3306732   0.0383782  
  249.6434174   31.8729763   0.0642432  
  249.6118011   31.7945232   0.0638662  
  249.6549683   31.8444843   0.0641354  
  124.1869278   27.5918827   0.0399893  
  124.2463684   27.6278305   0.0399954  
  124.2703705   27.6414204   0.0402802  
  128.2122955   30.8792458   0.0657932  
  128.2127838   30.8971481   0.0662353  
  128.2324066   30.8929386   0.066065   
  159.3305664   43.5875931   0.0246794  
  159.3827515   43.6538086   0.0243203  
  159.1532288   43.5068016   0.024637   
  216.9026947   41.2576714   0.0089175  
  217.392746    40.8915291   0.009004   
  217.3922882   40.9339943   0.0088078  
  212.2245789   10.1989727   0.0672304  
  212.182373    10.233182    0.0667452  
  212.2549286   10.1921158   0.0677462  
  211.2730408   11.4754086   0.0674329  
  211.3235016   11.4831171   0.0671296  
  211.2962646   11.4041157   0.0676606  
  212.1374054   11.816227    0.0190411  
  212.1475983   11.9510393   0.0193996  
  212.2276459   11.942275    0.0193821  
  134.2067719   35.9165459   0.0756972  
  134.2025299   35.8541374   0.0756943  
  134.2868805   35.9622002   0.075988   
  221.9546967   47.8095779   0.0367806  
  222.0243988   47.788578    0.0370267  
  221.8757324   47.8232384   0.0369261  
  232.6469116   33.6315651   0.0645253  
  232.667923    33.6533585   0.0643234  
  232.6861572   33.586937    0.0642223  
  191.3255157   42.4104271   0.0533241  
  191.2083893   42.3564835   0.0536316  
  191.2177124   42.422184    0.0536308  
  145.8141632   35.1605225   0.0501746  
  145.8160095   35.2062225   0.0502394  
  145.6689606   35.1552734   0.049714   
  147.8301697   36.1776237   0.0522218  
  147.8035889   36.1651077   0.0522197  
  147.8000946   36.2240486   0.0525329  
  172.806015    40.6531448   0.0447154  
  172.8032074   40.6722107   0.0446383  
  172.6679382   40.6477013   0.0449703  
  174.9311523   42.5045815   0.0700549  
  174.8628998   42.499958    0.0701892  
  174.9868469   42.4361115   0.0700298  
  172.8283691   42.8129158   0.045243   
  172.9105225   42.884285    0.0452247  
  172.8393555   42.8328743   0.0453392  
  215.6282349   11.3048773   0.016426   
  215.347641    11.270792    0.0159288  
  215.5039062   11.380559    0.0164692  
  238.346756    26.1053429   0.0694673  
  238.3357697   26.11063     0.0691497  
  238.3684845   26.037426    0.0695919  
  157.0665894   38.9347343   0.0549213  
  156.9931641   38.9350815   0.0550192  
  156.9772186   38.8576546   0.0553035  
  186.3718567   47.2732048   0.0248682  
  186.4280701   47.3300514   0.0245615  
  186.6218872   47.2512398   0.0248749  
  202.3646088   55.7211723   0.042817   
  202.4390259   55.6865387   0.0431048  
  202.5079651   55.6801453   0.0430225  
  164.4028931   44.0713654   0.0343123  
  164.3301849   44.017498    0.0341556  
  164.4152222   44.0927391   0.034147   
  209.3049927   12.021328    0.0207369  
  209.3078613   11.9975023   0.020505   
  209.3298492   11.9760056   0.0203626  
  211.0955963   11.7357979   0.0200132  
  210.9090271   11.5735178   0.0200155  
  211.1584778   11.7173557   0.0196644  
  187.7410583   10.8034725   0.0488277  
  187.6831512   10.8022928   0.0488867  
  187.7285614   10.822691    0.0486513  
  197.6510315   39.783989    0.0474178  
  197.6239166   39.7677994   0.0476809  
  197.7397003   39.7041626   0.0475616  
  229.6298065   32.3928566   0.0612589  
  229.5993958   32.3611412   0.0611498  
  229.6494751   32.4019737   0.0610411  
  190.3091583   12.9889593   0.0465255  
  190.2221222   12.9760399   0.0462605  
  190.3165436   12.9820347   0.0460231  
  157.4359589   40.4938431   0.0439127  
  157.4179535   40.4751167   0.0437358  
  157.4627075   40.4316788   0.0439226  
  210.0186005   58.3703156   0.0262886  
  209.8656464   58.3260345   0.026328   
  209.8830719   58.3146095   0.0258385  
  247.4858093   39.9437408   0.0594061  
  247.526413    39.9425468   0.0598198  
  247.4804077   39.9443779   0.0593507  
  150.7655945   12.9499531   0.0356538  
  150.8509064   12.9577494   0.0351841  
  150.8039093   12.8875809   0.0354992  
  148.6551208   6.6220975    0.0409946  
  148.6570129   6.5261741    0.0411579  
  148.5700836   6.6930957    0.0405817  
  205.259552    13.1630011   0.0556448  
  205.2544708   13.2272205   0.0553811  
  205.2671051   13.1954432   0.05581    
  202.6547394   14.6491957   0.0666116  
  202.6245575   14.6260767   0.0664854  
  202.7105408   14.6699858   0.066818   
  204.5400085   14.9200468   0.0594799  
  204.5596771   14.9730644   0.0592578  
  204.6070709   14.9664869   0.0590001  
  208.4190521   56.134491    0.0354013  
  208.2135773   56.1191025   0.0351324  
  208.3917084   56.1722832   0.0353333  
  154.2172546   39.5564728   0.0642514  
  154.2359467   39.574543    0.0641147  
  154.1983185   39.5565834   0.064316   
  225.5067596   9.4078732    0.0458568  
  225.5144501   9.3676014    0.0458581  
  225.5950317   9.379035     0.0454389  
  187.5879822   7.4876914    0.0667481  
  187.5791931   7.4732008    0.066875   
  187.5822601   7.4779673    0.066669   
  163.7644958   42.8602257   0.0591625  
  163.7677917   42.8620224   0.059016   
  163.8360443   42.7835846   0.0590432  
  214.977066    51.8945541   0.0292002  
  214.8782959   51.9244919   0.029007   
  215.0023956   51.8816872   0.0292612  
  346.9539185   0.9405226    0.0418516  
  346.9691162   1.0148289    0.0423231  
  346.9816284   0.9766566    0.0423064  
  170.7554932   47.0524178   0.0252405  
  170.8082733   46.9977798   0.0247756  
  170.6068115   47.1059113   0.025013   
  227.5071259   10.8054571   0.0473333  
  227.4351349   10.876812    0.047169   
  227.6121521   10.8059072   0.0472717  
  208.9487305   14.4224977   0.0516954  
  208.9946442   14.3871803   0.0516907  
  208.849884    14.4515257   0.0520108  
  136.7074585   26.2754574   0.0206082  
  136.5233154   26.2849045   0.0209433  
  136.5191345   26.4786625   0.0206047  
  222.7777863   37.4948044   0.031601   
  222.8635559   37.5032578   0.0317128  
  222.9793243   37.5031128   0.0320691  
  223.6624298   12.2452831   0.0772096  
  223.720993    12.2888432   0.0775046  
  223.6639557   12.2366781   0.076975   
  216.0965576   13.798439    0.0168185  
  216.1364899   13.7990723   0.0170939  
  216.3916016   13.8162746   0.0171517  
  47.029438     0.4562187    0.0741421  
  47.0090866    0.4311457    0.0742176  
  46.9551849    0.4833312    0.0739481  
  133.7050018   57.670166    0.014229   
  133.9898682   57.677948    0.0141215  
  134.0923157   57.4474678   0.0140463  
  163.0222168   41.3900146   0.0360712  
  163.033844    41.3486633   0.0362131  
  163.0474243   41.2812805   0.0360469  
  197.296051    52.0209122   0.0257783  
  197.3898163   51.9839706   0.0261621  
  197.187912    52.0989265   0.026205   
  197.0531311   52.4665031   0.0546214  
  197.1693573   52.4597549   0.0545247  
  197.1644287   52.4223213   0.0547287  
  180.1316833   38.6111183   0.0372532  
  180.287796    38.6371155   0.0372089  
  180.1264801   38.5774574   0.0375494  
  236.6395416   41.9175873   0.0240407  
  236.8749847   42.0298309   0.0240642  
  236.5743408   41.9875488   0.0240952  
  181.5334015   37.3259506   0.0437276  
  181.6047974   37.3527565   0.0438482  
  181.4948578   37.26577     0.0438633  
  147.3583984   26.6381283   0.0521594  
  147.3885803   26.6008167   0.0521691  
  147.3764954   26.5869064   0.0518532  
  230.579361    21.0734825   0.0496024  
  230.5607605   21.0787697   0.0496869  
  230.5715027   21.0550156   0.0492716  
  198.8635406   29.0741596   0.035078   
  198.7578583   29.1803036   0.0348445  
  198.8851318   29.0890007   0.0347909  
  241.5837097   39.2440834   0.0386913  
  241.505188    39.1869049   0.0386614  
  241.6035614   39.175766    0.0382449  
  225.2289581   8.5822506    0.0555539  
  225.236618    8.5626421    0.0553723  
  225.2608643   8.5860825    0.0555799  
  242.0684204   36.0933533   0.0428249  
  241.9724731   36.1008492   0.0426558  
  242.1507721   36.0417023   0.0432666  
  244.5777893   34.1111565   0.047254   
  244.5976715   34.079689    0.047692   
  244.6386871   34.2198372   0.0472025  
  231.5231781   9.2041597    0.0063309  
  231.935318    9.6990976    0.0060724  
  231.7307129   9.7826481    0.0063057  
  233.449173    10.7799006   0.0445989  
  233.3851013   10.878376    0.044493   
  233.3792725   10.6935549   0.0446451  
  135.1980591   29.9902821   0.0540693  
  135.1437073   30.0118065   0.0543827  
  135.2560883   29.9300785   0.0539159  
  200.9095612   31.1266308   0.0584694  
  200.8884735   31.1076965   0.0586129  
  200.9378815   31.0878124   0.0587678  
  168.2011261   31.8133316   0.0751158  
  168.1967926   31.8217602   0.0748905  
  168.221344    31.8020439   0.0755693  
  179.9523315   29.6406918   0.0289991  
  179.8851929   29.4470577   0.0292474  
  179.8443451   29.4658928   0.0295327  
  143.2774658   33.1382294   0.0500879  
  143.2171173   33.1203804   0.0504897  
  143.2776642   33.1590271   0.0500354  
  239.0966949   26.1579018   0.0637988  
  239.122406    26.1436672   0.0634317  
  239.0845795   26.1234818   0.0636631  
  322.3645935   0.0328997    0.0523819  
  322.3915405   0.0266529    0.0522588  
  322.3894653   0.0493389    0.0522345  
  148.9782257   27.4567356   0.0560283  
  148.9493866   27.3702507   0.0555214  
  148.9481201   27.3857269   0.0558938  
  123.2653503   24.5670033   0.0204859  
  123.2653351   24.5583553   0.0207672  
  123.3064804   24.6081276   0.0205591  
  201.1429138   43.7520828   0.0467123  
  201.2046356   43.6772308   0.0470579  
  201.1929779   43.662262    0.0468829  
  225.4339294   27.2810764   0.0562434  
  225.3959656   27.2631493   0.0564063  
  225.3315887   27.2894459   0.056678   
  217.670929    16.053545    0.0483381  
  217.7047119   16.1160088   0.0487945  
  217.5868073   16.0115414   0.0484115  
  212.8740692   16.7551498   0.0272355  
  212.7478027   16.6729622   0.0268201  
  213.0534973   16.867281    0.0267474  
  218.6441193   14.0967607   0.0696662  
  218.6507874   14.1081772   0.0692945  
  218.7134857   14.135314    0.0692507  
  155.957016    20.9847984   0.065872   
  155.8798523   20.9715424   0.0657914  
  155.9794464   21.0166321   0.0657828  
  154.0485535   22.2598152   0.0651583  
  154.000061    22.2596359   0.0648615  
  154.0280609   22.248373    0.0653475  
  165.71492     36.783493    0.0249348  
  165.6506348   36.8255959   0.0245265  
  165.5088043   36.7603493   0.0247709  
  208.9549866   35.1506348   0.0345414  
  208.8437347   35.0340424   0.034889   
  208.8721161   35.0071144   0.034755   
  166.1483459   36.6543083   0.021118   
  166.0829926   36.5417938   0.0209785  
  166.166153    36.6562881   0.0211001  
  169.3410645   25.0662308   0.0697315  
  169.3010101   25.0358715   0.069844   
  169.2930756   25.1056042   0.0696652  
  137.8668976   64.4753265   0.0176495  
  137.4824524   64.4235992   0.0179329  
  137.4253235   64.4250946   0.0176859  
  213.1713867   30.8550358   0.0144554  
  213.1485443   30.809351    0.0141544  
  213.2088013   30.7751675   0.0144796  
  237.4996796   24.8016129   0.0235241  
  237.46875     24.7861557   0.0230183  
  237.3712463   24.8769226   0.0235152  
  140.1546631   26.5383663   0.0485726  
  140.1350708   26.5680428   0.0490162  
  140.1620026   26.5889282   0.0489227  
  217.9677582   54.7219162   0.0428642  
  218.0842133   54.7570572   0.0433811  
  218.1752625   54.7092133   0.0429285  
  219.138504    20.5162373   0.0680832  
  219.128479    20.5046558   0.0683257  
  219.1996155   20.5578251   0.0679681  
  122.2617416   50.1786804   0.0167758  
  122.3548508   50.2649269   0.0163769  
  122.273941    50.20187     0.0166736  
  122.5601959   51.8725395   0.0605495  
  122.5713272   51.8866234   0.0605826  
  122.5370026   51.8808212   0.060527   
  162.7135925   17.8301296   0.0661714  
  162.7521362   17.7618237   0.0662763  
  162.7085876   17.8014145   0.0663162  
  161.6018677   18.5310135   0.0486672  
  161.590271    18.6324425   0.0485675  
  161.6168365   18.5787277   0.0484408  
  200.0346222   30.4500961   0.0478568  
  200.0960999   30.4447441   0.0475717  
  200.0916138   30.4451389   0.047538   
  151.3794098   15.3733349   0.0523392  
  151.4107819   15.3241692   0.0520144  
  151.377655    15.374465    0.0527544  
  238.7680969   45.4856529   0.0278644  
  238.6926575   45.538456    0.0280406  
  238.8085022   45.6064262   0.027783   
  205.28862     12.771512    0.0473453  
  205.2069092   12.7146196   0.0471017  
  205.3200531   12.788353    0.0471639  
  195.7185974   7.6806579    0.0699477  
  195.7194824   7.6043472    0.0701822  
  195.738266    7.6800561    0.0704331  
  244.440155    6.0648713    0.0378767  
  244.4684601   6.0717473    0.0377446  
  244.423233    6.1192875    0.0382929  
  238.2472992   8.0164776    0.0410322  
  238.3116302   8.0770082    0.0411902  
  238.2319336   8.0666142    0.0409657  
  193.5619965   9.441514     0.0452982  
  193.5781555   9.4339132    0.0453373  
  193.6020355   9.4340124    0.0449148  
  194.7275543   9.3009195    0.0540042  
  194.7756805   9.3541613    0.0540704  
  194.7418976   9.3103313    0.0541161  
  222.1114807   34.9980621   0.0294202  
  222.1081848   35.1588783   0.0294368  
  222.2288666   34.8705673   0.029076   
  222.4198151   35.6903038   0.0290129  
  222.4326782   35.6482277   0.0292596  
  222.3849182   35.6253052   0.0291012  
  226.8504333   34.0761147   0.0444848  
  226.767746    33.9858894   0.0445303  
  226.8026123   34.007267    0.0444423  
  205.8254395   20.314291    0.0496647  
  205.9051056   20.2604408   0.0497475  
  205.8158722   20.3184853   0.0497158  
  157.9611511   20.9255962   0.0419639  
  158.0606995   20.9504356   0.042231   
  157.9924774   20.8786793   0.0421873  
  185.1700439   19.1067734   0.0450114  
  185.2604828   19.0150852   0.0445768  
  185.1012421   19.1022682   0.045405   
  131.4277802   19.725708    0.0546534  
  131.4348145   19.7093525   0.0547707  
  131.3941193   19.8120022   0.0544434  
  133.6695709   20.5836105   0.0126285  
  133.7896576   20.6134472   0.0123102  
  133.6950531   20.7129955   0.0128128  
  133.5102844   17.3426495   0.0667818  
  133.4883118   17.3285217   0.0667113  
  133.4852905   17.3484077   0.0669641  
  134.1436615   16.8094921   0.0519944  
  134.191391    16.8731499   0.0523046  
  134.1562805   16.838747    0.052119   
  210.2886353   21.2378883   0.0279135  
  210.2796631   21.2429314   0.0277489  
  210.3121948   21.3703594   0.0276644  
  188.094986    16.3097      0.0566879  
  188.0965881   16.2478905   0.0566886  
  188.0767059   16.2864037   0.0567538  
  181.6688385   16.476593    0.0623076  
  181.6529999   16.4616203   0.0618105  
  181.6607666   16.4635715   0.0624164  
  166.5172882   14.0362844   0.0661764  
  166.4982605   14.0152321   0.0662563  
  166.5389709   14.0183086   0.0662466  
  166.7111359   14.4565105   0.0518638  
  166.6968842   14.4290228   0.0513672  
  166.7054901   14.4876871   0.0519385  
  143.6897278   13.8160124   0.0256702  
  143.547699    13.9130507   0.0256061  
  143.6528473   13.7671165   0.0253436  
  142.2527771   12.5036936   0.0522323  
  142.1771851   12.5310736   0.0522035  
  142.3426208   12.4327259   0.0524213  
  122.2718353   55.442421    0.031291   
  122.3096008   55.3202286   0.0312921  
  122.0748749   55.4186211   0.0312176  
  194.6287079   24.9743023   0.0760505  
  194.5553284   25.0162716   0.0756316  
  194.5745239   25.0325356   0.0761386  
  138.930191    15.2197027   0.0299744  
  138.8704681   15.3144789   0.0302203  
  138.8876648   15.1934156   0.0301361  
  194.5416412   24.3489265   0.0226108  
  194.6899109   24.2339382   0.022651   
  194.6448212   24.3935375   0.0224307  
  333.0724182   0.2681896    0.0447578  
  333.1237183   0.2978247    0.0451214  
  333.178894    0.3042903    0.0448633  
  120.6201859   20.5139809   0.0286278  
  120.6716156   20.6686344   0.0285011  
  120.4928055   20.539669    0.0288331  
  199.7033386   12.3971987   0.0367866  
  199.673111    12.3737078   0.0368314  
  199.6900635   12.339201    0.0366926  
  213.1517334   -1.0364156   0.0538303  
  213.1004181   -0.9941769   0.0539621  
  213.1546631   -1.0122168   0.0537084  
  125.4122467   8.3458023    0.0523339  
  125.4035034   8.4043665    0.0519458  
  125.4047241   8.4214659    0.0522323  
  141.7483826   20.8835106   0.0509913  
  141.6508942   20.8288574   0.0508401  
  141.8241577   20.8910675   0.0513084  
  214.1295471   57.810173    0.0104364  
  214.34198     57.6298676   0.0102367  
  214.1013641   57.8504791   0.0101376  
  147.4649048   10.4319868   0.0294816  
  147.4618988   10.4509897   0.0295732  
  147.5465851   10.5733461   0.0297623  
  191.6389618   43.7427483   0.0405282  
  191.6133423   43.7953949   0.0405411  
  191.5051575   43.8512344   0.0406748  
  187.3819122   33.4266243   0.0309586  
  187.4388123   33.4645996   0.0306147  
  187.3557739   33.4796944   0.0310053  
  31.682724     13.3716269   0.0605542  
  31.6845455    13.411068    0.0600397  
  31.7350521    13.3504744   0.0601147  
  235.6522675   21.12924     0.0473148  
  235.623764    21.2318077   0.0472935  
  235.6086273   21.0318356   0.0474366  
  236.7453613   17.8841839   0.0109769  
  236.7221832   17.8726749   0.0112846  
  236.8035431   17.957552    0.0110955  
  217.1074524   17.9243679   0.0190376  
  217.1028442   17.9582691   0.0189782  
  217.2348938   17.6952763   0.0188819  
  158.7076263   17.4512196   0.0557156  
  158.6934052   17.4696789   0.0553562  
  158.7751617   17.5098228   0.0561105  
  242.7070618   21.0512505   0.0379304  
  242.5940247   20.9734917   0.0376617  
  242.7058411   21.0450153   0.038375   
  219.967392    42.7422752   0.0084253  
  220.0383606   42.7795486   0.0083853  
  220.5667267   42.8304443   0.0081558  
  197.2969208   46.316227    0.0354258  
  197.3308105   46.2450829   0.0358809  
  197.3078918   46.2519531   0.035397   
  201.9957886   45.7594376   0.0605284  
  201.9385834   45.8159714   0.0607529  
  202.0485382   45.7719345   0.0609635  
  201.4398956   46.1616287   0.0363953  
  201.4391174   46.1171341   0.036489   
  201.5439453   46.1384125   0.0362804  
  215.9211121   47.3718452   0.0731929  
  215.933609    47.3448868   0.0734357  
  215.9853058   47.3807755   0.0731364  
  135.030014    60.0828018   0.0390083  
  135.0120087   60.0957756   0.0391296  
  135.1454926   60.1087265   0.0393616  
  323.7516479   -0.5114405   0.030156   
  323.7690735   -0.5057223   0.0298641  
  323.5669556   -0.4501443   0.0298006  
  245.923996    24.1717949   0.0430594  
  245.8753815   24.1234417   0.0430543  
  246.063446    24.1719112   0.0434805  
  156.5463715   32.0989952   0.0368224  
  156.4046936   32.1282654   0.0373449  
  156.5452728   32.1210709   0.0363318  
  162.1171722   38.2940483   0.033217   
  162.166275    38.2754326   0.0333319  
  162.0486298   38.2652245   0.0332201  
  171.1333771   39.7868729   0.0608466  
  171.1674347   39.7875175   0.0604895  
  171.063385    39.8548355   0.0607765  
  165.9297791   29.2423172   0.06567    
  165.9539948   29.2369938   0.0658907  
  166.007309    29.2266235   0.0659888  
  166.432663    35.8840141   0.0682662  
  166.5061188   35.9458542   0.0686456  
  166.4599152   35.8666115   0.0680428  
  145.4562836   25.0635872   0.0505876  
  145.5046539   25.1364269   0.0507172  
  145.489502    25.1299076   0.0506148  
  185.0471344   27.6800499   0.0797644  
  185.0480042   27.6942043   0.0796236  
  185.0020294   27.6682587   0.0800926  
  247.3773651   13.0834341   0.0327352  
  247.3856964   13.0627546   0.0331323  
  247.42659     13.0235281   0.0330415  
  245.7623901   26.5382252   0.0396928  
  245.7445679   26.5558662   0.0395475  
  245.736618    26.528698    0.0392816  
  229.2523499   15.5664206   0.0481035  
  229.2372742   15.5439348   0.0480018  
  229.2561798   15.5734844   0.0478887  
  199.0612335   41.4944572   0.0207451  
  199.0258179   41.5011826   0.0208794  
  198.9966278   41.4988823   0.0210119  
  223.5926361   27.7013264   0.0336489  
  223.6030426   27.6607361   0.0336921  
  223.541275    27.8566761   0.0334928  
  188.5461884   21.5423031   0.0454791  
  188.4887238   21.5606956   0.0453486  
  188.5412445   21.5407124   0.0455295  
  220.7382355   17.6367016   0.0560188  
  220.7012329   17.5669518   0.0562175  
  220.7374725   17.598053    0.0558944  
  143.3183136   23.1348934   0.0255909  
  143.2750397   23.3134022   0.0257223  
  143.2749329   23.1126423   0.0254524  
  147.1041412   22.3625145   0.0342063  
  147.1257782   22.3354969   0.0343625  
  147.2047272   22.2921982   0.0342038  
  113.6337204   41.2152519   0.0427959  
  113.642067    41.21595     0.0423738  
  113.6202774   41.2070732   0.0431831  
  162.0043793   28.2463741   0.0211347  
  162.0337372   28.3861732   0.0208075  
  161.9684601   28.3826141   0.0210408  
  222.8886719   45.4384651   0.0374278  
  222.8018341   45.5282402   0.0373042  
  222.9063873   45.4378281   0.0378181  
  175.7585449   23.944416    0.0230124  
  175.785553    24.0045013   0.0226926  
  175.8950958   23.9443188   0.022511   
  143.5184479   17.8319225   0.0274065  
  143.5358276   17.9455662   0.0272482  
  143.5049591   17.7958717   0.0270712  
  208.2916565   17.3324928   0.0257779  
  208.0643616   17.2929745   0.02573    
  208.3087616   17.2935085   0.0255712  
  210.4421387   18.8077126   0.0275874  
  210.4718781   18.8631611   0.0271212  
  210.4740143   18.7876759   0.0274056  
  178.224411    21.8354473   0.0382357  
  178.1963806   21.7906857   0.0377735  
  178.2050629   21.8306389   0.0384251  
  220.8093262   16.4883175   0.0369439  
  220.8063965   16.4484634   0.037421   
  220.8243561   16.4368801   0.0371125  
  229.8288574   13.1260834   0.034505   
  229.6912231   13.0613508   0.0349232  
  229.7564087   12.9745865   0.0347629  
  128.417099    9.9636917    0.0307628  
  128.3962402   10.0145016   0.0305507  
  128.4319763   9.9904213    0.0306205  
  130.6456146   10.5848446   0.0068676  
  130.5001984   10.5147152   0.0067245  
  130.2746277   9.791708     0.0068654  
  201.3342285   18.4527016   0.0221099  
  201.3356934   18.4016705   0.0222737  
  201.2550201   18.7125149   0.0224009  
  228.9503784   18.3785801   0.0381294  
  228.9976196   18.4159355   0.0382527  
  229.0021515   18.4441853   0.0378807  
  250.8060455   25.3395538   0.0552586  
  250.8145447   25.3674049   0.0547814  
  250.8342896   25.4042034   0.0548312  
  135.796875    10.151989    0.0296254  
  135.8218536   10.0213337   0.0298634  
  135.7745667   10.1420298   0.0298369  
  194.694809    32.1921196   0.052219   
  194.7057343   32.1783257   0.0518352  
  194.7147522   32.1648865   0.0526272  
  208.9151764   20.7435074   0.0754046  
  208.9584961   20.6775284   0.0755992  
  208.9268341   20.7630939   0.0757203  
  208.5294952   21.9749222   0.0631093  
  208.4833221   21.9985504   0.0631693  
  208.4946899   21.9493008   0.0628072  
  234.7641144   13.6366844   0.0498652  
  234.7642517   13.5214214   0.0496501  
  234.8124542   13.6432076   0.0493406  
  230.400238    14.3844337   0.0247179  
  230.3536682   14.2455482   0.0243638  
  230.452179    14.339324    0.0246057  
  38.7018356    -7.6835938   0.0219858  
  38.4784775    -7.6052837   0.0221695  
  38.7085876    -7.6697474   0.0223515  
  128.1681366   19.511404    0.0211047  
  128.0441284   19.681181    0.0211768  
  128.0839386   19.4098186   0.0212979  
  126.5689011   17.3624382   0.0658638  
  126.5513916   17.3250427   0.0661008  
  126.6121292   17.3456726   0.0659326  
  192.8936615   5.8635526    0.0485968  
  192.8699036   5.8208308    0.0489546  
  192.8649445   5.7976165    0.0482555  
  162.9737701   10.0992813   0.0263935  
  162.9454193   10.0990171   0.0267746  
  162.9113464   10.0932369   0.0267247  
  155.2516785   27.2378139   0.0382582  
  155.2451324   27.1994534   0.0384416  
  155.1334839   27.2472076   0.0380545  
  126.5225296   13.0093355   0.0443355  
  126.4086761   12.9982767   0.0444289  
  126.4135056   12.9884911   0.0445649  
  177.8972473   17.9306049   0.0378626  
  177.9288635   17.9089489   0.0381102  
  177.8594208   17.9179459   0.0378353  
  139.151123    25.3026657   0.042782   
  139.2228699   25.2988453   0.0428173  
  139.2373962   25.3044052   0.0429334  
  241.3993683   16.5262146   0.015539   
  241.6965332   16.3133659   0.0156394  
  241.4024811   16.9079609   0.0155377  
  209.3287354   15.4584198   0.0182994  
  209.519577    15.3148394   0.0186836  
  209.3475037   15.4592648   0.0178938  
  138.3565826   17.1241131   0.0560217  
  138.414566    17.1835537   0.0561023  
  138.42276     17.1746826   0.0561173  
  49.8456535    0.823438     0.0337422  
  49.6844063    0.884051     0.0339663  
  49.8487244    0.8188156    0.0335656  
  129.4722595   12.7805328   0.029978   
  129.6062012   12.7415705   0.0300795  
  129.5906067   12.7316074   0.0302492  
  226.6740417   23.641922    0.0162159  
  226.363205    23.688343    0.0162354  
  226.5839996   23.538496    0.0161621  
  202.4455566   6.4652104    0.0539878  
  202.3980713   6.5135388    0.0540272  
  202.4882507   6.3992691    0.0544086  
  165.8740692   16.3701077   0.0466204  
  165.8301849   16.3337669   0.0468658  
  165.9212189   16.294281    0.0468895  
  127.0457993   10.5406685   0.0307334  
  127.0461197   10.4748163   0.0306113  
  127.1695251   10.4477224   0.031035   
  179.3612823   7.4609251    0.0320859  
  179.4387512   7.5659356    0.0321208  
  179.1748352   7.4726853    0.0322892  
  130.6422577   11.6992922   0.0774186  
  130.6158752   11.7101316   0.0777736  
  130.6488342   11.7106323   0.0777996  
  219.5949554   18.1112175   0.0303186  
  219.6057739   18.0768127   0.0304521  
  219.4434357   18.204792    0.0304314  
  246.7829285   9.0959282    0.0461541  
  246.819397    9.1995411    0.0463052  
  246.7207947   9.125905     0.0456334  
  223.7483978   18.0373383   0.0202346  
  223.7051697   18.1059666   0.0203298  
  223.8970642   18.2845802   0.0203981  
  219.3068085   19.4219398   0.029869   
  219.3849945   19.2533855   0.0302881  
  219.2656555   19.4050293   0.0299843  
  175.6643829   24.8225174   0.0209824  
  175.8555145   25.0054417   0.0206093  
  175.9057007   24.9441738   0.0206353  
